// General information: 
//  MT Manager version: 2021.4.0 
//  XDA version: 2021.4.0 build 6323 rev 112641 built on 2021-09-28
// Device information: 
//  DeviceId: 00B4A3D1
//  ProductCode: MTW2-3A7G6
//  Firmware Version: 4.6.0
//  Hardware Version: 2.0.0
// Device settings: 
//  Filter Profile: human(46.1)
//  Option Flags: Orientation Smoother Disabled, Position/Velocity Smoother Disabled, Continuous Zero Rotation Update Disabled, AHS Disabled, ICC Disabled
// Coordinate system: ENU
PacketCounter	SampleTimeFine	Year	Month	Day	Second	Acc_X	Acc_Y	Acc_Z	FreeAcc_E	FreeAcc_N	FreeAcc_U	Gyr_X	Gyr_Y	Gyr_Z	Quat_q0	Quat_q1	Quat_q2	Quat_q3	Roll	Pitch	Yaw	Mat[1][1]	Mat[2][1]	Mat[3][1]	Mat[1][2]	Mat[2][2]	Mat[3][2]	Mat[1][3]	Mat[2][3]	Mat[3][3]	GyrTemp_X	GyrTemp_Y	GyrTemp_Z
65109						-5.391669	0.888678	8.088115	0.073011	-0.107568	-0.052537	0.013466	0.124789	-0.004842	0.460867	0.275480	0.104592	-0.837122	5.447725	33.891767	-120.670132	-0.423426	-0.713978	-0.557626	0.829229	-0.553325	0.078807	-0.364815	-0.429031	0.826343			
65110						-5.466360	0.665665	8.049034	-0.073922	0.077065	-0.060778	0.017853	0.123337	-0.002227	0.460799	0.276028	0.104777	-0.836955	5.465479	33.959627	-120.658587	-0.422945	-0.713494	-0.558609	0.829180	-0.553371	0.079000	-0.365484	-0.429774	0.825661			
65111						-5.424983	0.618536	8.132047	-0.169166	0.029125	-0.019131	0.028286	0.122815	0.002970	0.460710	0.276607	0.104928	-0.836794	5.488294	34.028733	-120.648034	-0.422470	-0.712992	-0.559609	0.829087	-0.553472	0.079264	-0.366243	-0.430478	0.824958			
65112						-5.527712	0.879471	8.125980	0.083183	-0.047404	0.053996	0.037737	0.127684	0.008793	0.460659	0.277224	0.105026	-0.836606	5.521804	34.098486	-120.628641	-0.421881	-0.712548	-0.560617	0.829011	-0.553527	0.079681	-0.367093	-0.431142	0.824233			
65113						-5.573432	0.944050	8.079855	0.163337	-0.038666	0.046838	0.033697	0.116304	0.009311	0.460592	0.277791	0.105131	-0.836442	5.550006	34.163518	-120.614047	-0.421375	-0.712108	-0.561557	0.828925	-0.553606	0.080025	-0.367868	-0.431768	0.823559			
65114						-5.598891	1.017198	8.061433	0.232787	-0.059964	0.051955	0.025399	0.105227	0.006197	0.460557	0.278285	0.105232	-0.836284	5.574699	34.220629	-120.597862	-0.420889	-0.711744	-0.562381	0.828882	-0.553627	0.080326	-0.368521	-0.432339	0.822967			
65115						-5.517327	1.104239	7.985337	0.291750	-0.140416	-0.049439	0.010681	0.095344	0.000303	0.460495	0.278706	0.105397	-0.836157	5.585493	34.274199	-120.590810	-0.420533	-0.711343	-0.563154	0.828842	-0.553671	0.080430	-0.369015	-0.432943	0.822429			
65116						-5.409335	1.096873	8.076437	0.201455	-0.259582	-0.035934	-0.005229	0.090177	-0.013694	0.460428	0.279057	0.105619	-0.836049	5.584443	34.323866	-120.589290	-0.420266	-0.710934	-0.563870	0.828828	-0.553701	0.080367	-0.369351	-0.433576	0.821944			
65117						-5.423666	1.138323	8.039864	0.252349	-0.264983	-0.054745	-0.024166	0.089979	-0.029403	0.460294	0.279360	0.105959	-0.835979	5.563502	34.376028	-120.603113	-0.420176	-0.710390	-0.564622	0.828793	-0.553805	0.080017	-0.369534	-0.434333	0.821462			
65118						-5.597358	1.011546	7.996663	0.235127	-0.061622	-0.002429	-0.041654	0.082434	-0.043367	0.460158	0.279578	0.106356	-0.835930	5.529777	34.422895	-120.622536	-0.420181	-0.709850	-0.565297	0.828789	-0.553886	0.079489	-0.369535	-0.435112	0.821049			
65119						-5.662661	0.758422	7.963948	0.065124	0.129818	-0.012468	-0.038017	0.074364	-0.040294	0.460005	0.279778	0.106733	-0.835899	5.495986	34.466735	-120.645011	-0.420239	-0.709313	-0.565928	0.828759	-0.554007	0.078963	-0.369537	-0.435834	0.820665			
65120						-5.643873	0.739318	7.991495	0.031112	0.107274	-0.001907	-0.032037	0.065907	-0.031534	0.459913	0.279956	0.107035	-0.835851	5.471724	34.503571	-120.657516	-0.420208	-0.708908	-0.566458	0.828769	-0.554046	0.078581	-0.369550	-0.436442	0.820336			
65121						-5.609852	0.733843	8.070385	-0.017667	0.044703	0.043162	-0.017026	0.064284	-0.019263	0.459824	0.280173	0.107272	-0.835797	5.457771	34.540497	-120.666161	-0.420129	-0.708531	-0.566989	0.828749	-0.554109	0.078346	-0.369684	-0.436976	0.819991			
65122						-5.602829	0.784849	8.062374	0.022504	0.009248	0.036625	-0.010499	0.063429	-0.012109	0.459784	0.280401	0.107452	-0.835720	5.453261	34.574915	-120.665492	-0.419947	-0.708242	-0.567483	0.828761	-0.554105	0.078249	-0.369865	-0.437447	0.819658			
65123						-5.533547	0.799199	8.045437	0.008864	-0.045912	-0.015457	-0.004102	0.063885	-0.001779	0.459750	0.280656	0.107609	-0.835633	5.453558	34.610658	-120.662063	-0.419724	-0.707963	-0.567997	0.828767	-0.554100	0.078220	-0.370104	-0.437906	0.819305			
65124						-5.532764	0.937180	8.100390	0.099259	-0.151911	0.039884	-0.008469	0.065664	-0.000085	0.459756	0.280904	0.107769	-0.835526	5.455002	34.645709	-120.652983	-0.419434	-0.707730	-0.568500	0.828821	-0.554021	0.078208	-0.370311	-0.438382	0.818957			
65125						-5.561630	0.930323	8.093220	0.105237	-0.130260	0.049837	-0.009315	0.069908	-0.000472	0.459732	0.281172	0.107960	-0.835424	5.453062	34.684813	-120.648241	-0.419178	-0.707431	-0.569062	0.828853	-0.553983	0.078143	-0.370531	-0.438912	0.818574			
65126						-5.507258	0.974293	8.119698	0.105659	-0.210374	0.043945	-0.006141	0.073016	-0.008097	0.459697	0.281453	0.108138	-0.835326	5.452972	34.724491	-120.644173	-0.418927	-0.707122	-0.569631	0.828865	-0.553970	0.078104	-0.370788	-0.439427	0.818181			
65127						-5.507007	0.929475	8.147281	0.054668	-0.204607	0.062756	-0.004117	0.082826	-0.011939	0.459610	0.281780	0.108353	-0.835235	5.449970	34.771585	-120.646528	-0.418717	-0.706701	-0.570306	0.828829	-0.554036	0.078017	-0.371105	-0.440019	0.817719			
65128						-5.297626	0.939623	8.206168	-0.050728	-0.391584	-0.007943	-0.003397	0.098836	-0.018537	0.459514	0.282169	0.108594	-0.835126	5.448333	34.826500	-120.647959	-0.418456	-0.706220	-0.571093	0.828787	-0.554109	0.077941	-0.371492	-0.440700	0.817177			
65129						-5.323903	1.049982	8.282888	0.018189	-0.478273	0.077891	-0.010112	0.132789	-0.021625	0.459368	0.282686	0.108963	-0.834983	5.439930	34.902615	-120.653744	-0.418140	-0.705525	-0.572183	0.828733	-0.554217	0.077750	-0.371968	-0.441677	0.816432			
65130						-5.476626	0.989366	8.131319	0.082525	-0.282121	0.036384	-0.014545	0.142140	-0.035832	0.459193	0.283219	0.109373	-0.834845	5.426676	34.983044	-120.664159	-0.417858	-0.704757	-0.573334	0.828663	-0.554359	0.077485	-0.372441	-0.442723	0.815650			
65131						-5.596479	0.667309	8.043303	-0.106958	0.006376	0.008163	-0.015580	0.147858	-0.030888	0.459007	0.283781	0.109812	-0.834699	5.411966	35.068251	-120.675447	-0.417562	-0.703941	-0.574552	0.828591	-0.554507	0.077195	-0.372934	-0.443835	0.814820			
65132						-5.614631	0.568472	8.071026	-0.198599	0.048702	0.033473	-0.002664	0.157348	-0.012985	0.458902	0.284416	0.110175	-0.834492	5.415175	35.156084	-120.668973	-0.417032	-0.703230	-0.575806	0.828572	-0.554540	0.077157	-0.373567	-0.444920	0.813938			
65133						-5.645442	0.539115	8.062251	-0.215856	0.077668	0.041698	0.010726	0.165049	0.009477	0.458838	0.285132	0.110487	-0.834242	5.432400	35.248909	-120.650958	-0.416335	-0.702557	-0.577130	0.828570	-0.554521	0.077314	-0.374348	-0.446004	0.812985			
65134						-5.567715	0.628867	8.134321	-0.213170	-0.070760	0.062110	0.036122	0.184177	0.033250	0.458855	0.285993	0.110685	-0.833912	5.477423	35.349513	-120.610404	-0.415321	-0.701978	-0.578563	0.828599	-0.554403	0.077856	-0.375410	-0.447061	0.811914			
65135						-5.559358	0.781771	8.209526	-0.133052	-0.207662	0.129801	0.041283	0.199571	0.040195	0.458855	0.286940	0.110904	-0.833558	5.526126	35.460316	-120.568364	-0.414236	-0.701318	-0.580139	0.828609	-0.554305	0.078438	-0.376584	-0.448217	0.810732			
65136						-5.607816	0.747847	8.296560	-0.191643	-0.207063	0.225247	0.064219	0.228467	0.052097	0.458885	0.288059	0.111060	-0.833134	5.596876	35.585036	-120.511190	-0.412894	-0.700642	-0.581911	0.828609	-0.554181	0.079315	-0.378055	-0.449428	0.809376			
65137						-5.600303	0.639787	8.302947	-0.307849	-0.170344	0.216659	0.078427	0.259433	0.061955	0.458888	0.289351	0.111230	-0.832662	5.678596	35.728663	-120.449273	-0.411396	-0.699828	-0.583947	0.828566	-0.554100	0.080325	-0.379779	-0.450793	0.807808			
65138						-5.601550	0.578400	8.275625	-0.373259	-0.138726	0.189274	0.114868	0.291583	0.080329	0.458925	0.290863	0.111278	-0.832108	5.793202	35.887494	-120.367223	-0.409573	-0.699017	-0.586196	0.828484	-0.554010	0.081777	-0.381922	-0.452160	0.806032			
65139						-5.712936	0.665852	8.205068	-0.257844	-0.094297	0.203732	0.133195	0.321097	0.092841	0.458940	0.292553	0.111317	-0.831502	5.922526	36.064264	-120.278163	-0.407573	-0.698087	-0.588692	0.828352	-0.553965	0.083409	-0.384342	-0.453649	0.804042			
65140						-5.720072	0.490006	8.214911	-0.437864	-0.013729	0.199907	0.156005	0.348360	0.111416	0.459013	0.294410	0.111279	-0.830811	6.077081	36.253219	-120.168676	-0.405260	-0.697183	-0.591355	0.828229	-0.553848	0.085372	-0.387040	-0.455180	0.801880			
65141						-5.761957	0.478409	8.169840	-0.450642	0.024273	0.185886	0.185228	0.373628	0.136236	0.459100	0.296460	0.111157	-0.830050	6.258228	36.456846	-120.043285	-0.402678	-0.696244	-0.594217	0.828059	-0.553743	0.087677	-0.390088	-0.456741	0.799512			
65142						-5.841482	0.411627	8.123403	-0.497977	0.120275	0.188282	0.204765	0.396570	0.173434	0.459326	0.298659	0.110937	-0.829165	6.470826	36.668796	-119.884007	-0.399643	-0.695450	-0.597188	0.827980	-0.553424	0.090395	-0.393364	-0.458334	0.796991			
65143						-5.874308	0.320296	8.266795	-0.664333	0.110100	0.311357	0.231024	0.425834	0.223921	0.459674	0.301076	0.110613	-0.828141	6.720396	36.895604	-119.689418	-0.396105	-0.694744	-0.600359	0.827956	-0.552929	0.093588	-0.396975	-0.460000	0.794236			
65144						-5.841936	0.169705	8.381695	-0.903525	0.097372	0.364916	0.238754	0.535295	0.301974	0.460298	0.303994	0.110377	-0.826759	7.017577	37.176452	-119.423565	-0.391427	-0.694003	-0.604272	0.828219	-0.551885	0.097345	-0.401047	-0.462366	0.790809			
65145						-6.479689	0.150398	7.761776	-0.491872	0.810320	0.254835	0.328150	0.683839	0.377321	0.460980	0.307779	0.110010	-0.825026	7.407841	37.537187	-119.091383	-0.385539	-0.692923	-0.609276	0.828358	-0.550791	0.102237	-0.406426	-0.465283	0.786340			
65146						-7.413271	0.207511	7.250491	0.036853	1.637048	0.428759	0.384224	0.701817	0.467945	0.461958	0.311799	0.109302	-0.823061	7.877402	37.897141	-118.683495	-0.378752	-0.692278	-0.614246	0.828600	-0.549296	0.108151	-0.412273	-0.468001	0.781668			
65147						-8.818822	-0.046865	6.487322	0.578653	3.093124	0.673309	0.430411	0.528111	0.559422	0.463298	0.315267	0.107868	-0.821173	8.406598	38.150440	-118.225853	-0.371923	-0.692882	-0.617728	0.828911	-0.547438	0.114968	-0.417827	-0.469283	0.777942			
65148						-9.599050	0.664922	5.807736	1.651974	3.580123	0.711888	0.398355	0.173902	0.699945	0.465465	0.317270	0.105514	-0.819481	8.960466	38.186278	-117.699589	-0.365363	-0.695926	-0.618220	0.829833	-0.544417	0.122423	-0.421767	-0.468291	0.776413			
65149						-10.974706	0.488070	5.384863	2.104661	4.892271	1.201580	0.192508	-0.225165	0.936600	0.469113	0.317284	0.102705	-0.817750	9.470568	37.972139	-117.052460	-0.358528	-0.702061	-0.615278	0.832408	-0.538769	0.129709	-0.422557	-0.465658	0.777566			
65150						-11.568925	-1.462538	3.954727	1.214879	7.122291	0.157968	0.156281	-0.531190	1.158580	0.473865	0.316073	0.098967	-0.815938	10.029002	37.559555	-116.289412	-0.351100	-0.710728	-0.609586	0.835851	-0.531315	0.138050	-0.421998	-0.461054	0.780607			
65151						-12.960070	-0.815650	3.510777	2.330052	8.099067	0.671908	0.470806	-0.643972	1.301183	0.478736	0.315193	0.093452	-0.814083	10.807637	37.060986	-115.451006	-0.342929	-0.720552	-0.602665	0.838373	-0.524157	0.149634	-0.423710	-0.453944	0.783840			
65152						-12.374699	2.921910	4.452000	4.771594	5.459414	1.541338	0.379081	-0.943460	1.231799	0.483544	0.312853	0.087698	-0.812784	11.465255	36.396900	-114.720740	-0.336617	-0.731160	-0.593375	0.840906	-0.516989	0.159998	-0.423753	-0.445115	0.788864			
65153						-11.312412	3.794606	5.388921	4.735802	3.999898	1.719002	-0.478507	-1.237305	0.843822	0.488251	0.307026	0.085319	-0.812445	11.434043	35.605249	-114.308588	-0.334692	-0.740964	-0.582197	0.845744	-0.508663	0.161178	-0.415570	-0.438445	0.796911			
65154						-9.641965	0.083695	5.154989	1.200291	4.889460	-0.107064	-1.156044	-1.310276	0.442504	0.492306	0.299107	0.086123	-0.812867	10.847537	34.824573	-114.187175	-0.336340	-0.748839	-0.571066	0.851878	-0.500435	0.154491	-0.401470	-0.434517	0.806236			
65155						-8.996836	-2.842268	4.711231	-1.241628	6.137346	-1.326955	-1.246016	-1.234363	0.111287	0.495136	0.291057	0.087969	-0.813872	10.089353	34.116678	-114.266602	-0.340252	-0.754747	-0.560880	0.857163	-0.494203	0.145034	-0.386653	-0.431418	0.815094			
65156						-8.518469	-3.602213	4.588143	-1.913716	6.247742	-1.819327	-0.999605	-1.095619	-0.230736	0.496042	0.284078	0.089659	-0.815600	9.359956	33.527467	-114.559445	-0.346484	-0.758204	-0.552337	0.860084	-0.491807	0.135577	-0.374438	-0.428081	0.822522			
65157						-8.049884	-3.951886	4.574607	-2.268516	6.105416	-2.136639	-0.641188	-0.933235	-0.598910	0.494921	0.278405	0.090799	-0.818107	8.715819	33.052474	-115.064950	-0.355087	-0.759239	-0.545407	0.860354	-0.493618	0.127011	-0.365654	-0.424143	0.828492			
65158						-8.069931	-3.586235	4.696662	-1.876660	5.918949	-1.971360	-0.256590	-0.738400	-0.956396	0.491592	0.274383	0.091367	-0.821403	8.177863	32.723758	-115.796070	-0.366102	-0.757451	-0.540589	0.857730	-0.499978	0.119670	-0.360927	-0.419868	0.832732			
65159						-8.699738	-3.014635	4.950904	-1.119351	6.027692	-1.345261	0.091874	-0.579469	-1.292857	0.486411	0.271629	0.091328	-0.825398	7.732667	32.496645	-116.721144	-0.379244	-0.753350	-0.537250	0.852579	-0.510128	0.113484	-0.359559	-0.415010	0.835753			
65160						-9.287236	-2.379818	5.256139	-0.318446	6.030263	-0.698094	0.348106	-0.516676	-1.583719	0.479499	0.269690	0.090813	-0.830121	7.333893	32.333055	-117.847716	-0.394697	-0.747101	-0.534840	0.845067	-0.523668	0.107859	-0.360661	-0.409404	0.838041			
65161						-8.991314	-1.809382	5.470196	0.125297	5.422693	-0.613922	0.544143	-0.481937	-1.832959	0.471355	0.268146	0.089857	-0.835373	6.967129	32.189002	-119.120248	-0.411845	-0.739324	-0.532714	0.835704	-0.539501	0.102656	-0.363295	-0.402913	0.840046			
65162						-8.541549	-1.544276	5.442363	0.327184	4.944704	-0.845912	0.695842	-0.404651	-2.040521	0.461905	0.267251	0.088765	-0.841036	6.615205	32.109403	-120.542365	-0.430442	-0.729512	-0.531538	0.824402	-0.557530	0.097579	-0.367533	-0.396199	0.841395			
65163						-8.094041	-1.419602	5.399393	0.399205	4.543338	-1.101818	0.849570	-0.272520	-2.183941	0.451676	0.267077	0.087466	-0.846763	6.311861	32.094342	-122.030509	-0.449317	-0.718205	-0.531315	0.811646	-0.576676	0.093138	-0.373289	-0.389391	0.842039			
65164						-8.074094	-1.264264	5.605544	0.573663	4.322058	-0.913210	1.007025	-0.109283	-2.282137	0.440514	0.267964	0.086042	-0.852490	6.062606	32.186597	-123.595178	-0.468286	-0.704955	-0.532678	0.797180	-0.597089	0.089384	-0.381068	-0.382783	0.841584			
65165						-8.408043	-0.750305	5.990462	1.112897	4.049097	-0.351789	1.121507	0.038754	-2.354718	0.428922	0.269561	0.084485	-0.858035	5.860358	32.348065	-125.179025	-0.486725	-0.690513	-0.535061	0.781609	-0.617776	0.086259	-0.390111	-0.376224	0.840398			
65166						-8.770864	-0.188488	6.369506	1.688694	3.727548	0.226551	1.158535	0.116048	-2.411449	0.416741	0.271601	0.083058	-0.863517	5.647256	32.567357	-126.824425	-0.505120	-0.674608	-0.538291	0.764843	-0.638857	0.082931	-0.399836	-0.369818	0.838669			
65167						-8.811465	-0.037244	6.754442	1.768994	3.420435	0.600548	1.151138	0.148053	-2.442165	0.404536	0.273597	0.081696	-0.868805	5.419677	32.786004	-128.468979	-0.522991	-0.658221	-0.541503	0.747628	-0.659354	0.079404	-0.409307	-0.363315	0.836941			
65168						-8.612504	0.044321	6.984805	1.721323	3.046868	0.709519	1.106365	0.174544	-2.437736	0.392121	0.275679	0.080626	-0.873923	5.151440	33.029767	-130.141049	-0.540485	-0.640913	-0.545075	0.729821	-0.679481	0.075278	-0.418614	-0.357120	0.835001			
65169						-8.311680	0.278112	7.049997	1.780044	2.565926	0.632879	1.024430	0.214911	-2.407634	0.380069	0.277630	0.079873	-0.878686	4.848768	33.271978	-131.769297	-0.556938	-0.623573	-0.548614	0.712274	-0.698335	0.070670	-0.427184	-0.351405	0.833084			
65170						-8.047947	0.555467	7.146556	1.852862	2.055497	0.603244	0.929411	0.299967	-2.373809	0.367982	0.279854	0.079707	-0.883130	4.486614	33.570054	-133.405119	-0.572543	-0.605338	-0.552956	0.694564	-0.716473	0.065179	-0.435633	-0.346746	0.830657			
65171						-7.849079	0.663021	7.159857	1.857888	1.729326	0.524977	0.812784	0.391619	-2.331520	0.356366	0.282125	0.080086	-0.887128	4.074961	33.892867	-134.986480	-0.586818	-0.587095	-0.557642	0.677472	-0.733180	0.058987	-0.443483	-0.343172	0.827983			
65172						-7.855229	0.588033	7.320537	1.779918	1.595995	0.671761	0.715586	0.483072	-2.283900	0.344779	0.284722	0.081048	-0.890782	3.603679	34.273028	-136.570484	-0.600122	-0.568093	-0.563137	0.660397	-0.749118	0.051941	-0.451363	-0.340723	0.824730			
65173						-7.718795	0.447965	7.469298	1.570992	1.435997	0.724823	0.647625	0.554434	-2.216325	0.333737	0.287387	0.082259	-0.894014	3.118267	34.663970	-138.085237	-0.612056	-0.549451	-0.568762	0.644012	-0.763706	0.044742	-0.458951	-0.338905	0.821284			
65174						-7.639380	0.512093	7.588327	1.530440	1.160937	0.794546	0.601754	0.618592	-2.141774	0.322788	0.290374	0.083733	-0.896928	2.609589	35.095752	-139.588960	-0.622983	-0.530407	-0.574945	0.627663	-0.777594	0.037252	-0.466832	-0.337664	0.817344			
65175						-7.540921	0.753260	7.800876	1.530172	0.708026	0.931711	0.542923	0.676678	-2.077617	0.312379	0.293394	0.085393	-0.899471	2.090350	35.531344	-141.026790	-0.632679	-0.511844	-0.581148	0.612059	-0.790255	0.029684	-0.474449	-0.336917	0.813256			
65176						-7.308083	0.919763	7.857228	1.454049	0.288637	0.854584	0.463673	0.728204	-2.042769	0.301942	0.296622	0.087495	-0.901771	1.510420	36.001523	-142.484723	-0.641693	-0.492660	-0.587807	0.596472	-0.802351	0.021324	-0.482133	-0.336927	0.808720			
65177						-7.268433	0.814304	8.030650	1.271256	0.146133	0.973655	0.415491	0.788870	-2.028573	0.291816	0.299898	0.089807	-0.903792	0.904748	36.477336	-143.913398	-0.649809	-0.473616	-0.594505	0.581348	-0.813556	0.012697	-0.489676	-0.337364	0.803992			
65178						-7.299913	0.742653	8.075494	1.210324	0.049084	1.030958	0.429017	0.815702	-2.021473	0.281414	0.303403	0.092141	-0.905684	0.276981	36.972659	-145.385330	-0.657506	-0.453832	-0.601434	0.565655	-0.824633	0.003862	-0.497715	-0.337665	0.798913			
65179						-7.261827	0.860959	8.150183	1.191699	-0.241594	1.069426	0.482524	0.828657	-2.048911	0.271003	0.306869	0.094215	-0.907476	-0.337111	37.446285	-146.859416	-0.664777	-0.434034	-0.608017	0.549681	-0.835361	-0.004671	-0.505887	-0.337321	0.793910			
65180						-7.069562	0.962312	8.042430	1.141690	-0.525507	0.864575	0.544898	0.830255	-2.099563	0.259992	0.310483	0.096138	-0.909265	-0.972155	37.923763	-148.419740	-0.672009	-0.413104	-0.614612	0.532501	-0.846324	-0.013384	-0.514632	-0.336275	0.788716			
65181						-6.686000	1.033360	7.874318	0.969475	-0.830059	0.489966	0.620619	0.854778	-2.163441	0.248762	0.314111	0.097770	-0.910984	-1.597779	38.385080	-150.009452	-0.678903	-0.391816	-0.620944	0.514658	-0.857117	-0.021856	-0.523658	-0.334412	0.783550			
65182						-6.481140	1.068346	7.665628	0.907812	-1.010468	0.190387	0.721036	0.896792	-2.229490	0.236780	0.318094	0.099147	-0.912645	-2.233053	38.870773	-151.699324	-0.685503	-0.369116	-0.627566	0.495268	-0.868210	-0.030336	-0.533662	-0.331609	0.777972			
65183						-6.436501	1.330407	7.672818	0.943201	-1.390950	0.149462	0.813973	0.931794	-2.295368	0.224528	0.322142	0.100169	-0.914209	-2.852963	39.345290	-153.422869	-0.691623	-0.345994	-0.633992	0.475069	-0.879106	-0.038491	-0.544029	-0.327812	0.772381			
65184						-6.707228	1.648927	7.796708	1.140526	-1.758759	0.390172	0.877149	0.913859	-2.352641	0.211652	0.326209	0.101015	-0.915744	-3.501859	39.807339	-155.240200	-0.697582	-0.321734	-0.640208	0.453543	-0.889998	-0.046922	-0.554688	-0.323094	0.766767			
65185						-6.690919	1.843972	7.784031	1.146182	-2.072479	0.343528	0.928656	0.858369	-2.407057	0.198662	0.329874	0.101579	-0.917278	-4.151222	40.205550	-157.079389	-0.703433	-0.297440	-0.645532	0.431474	-0.900430	-0.055286	-0.564812	-0.317420	0.761730			
65186						-6.528494	1.972140	7.713047	1.044229	-2.349717	0.156672	0.996494	0.772457	-2.450965	0.185144	0.333238	0.101854	-0.918858	-4.815416	40.549995	-158.995466	-0.709349	-0.272358	-0.650111	0.408125	-0.910695	-0.063785	-0.574681	-0.310572	0.757157			
65187						-6.262437	2.209863	7.693403	0.879975	-2.753650	-0.069415	1.075430	0.683412	-2.474001	0.171618	0.336078	0.101649	-0.920471	-5.441858	40.812826	-160.903204	-0.715197	-0.247614	-0.653590	0.384263	-0.920429	-0.071776	-0.583811	-0.302485	0.753438			
65188						-6.019969	2.450119	7.673534	0.719353	-3.139003	-0.286207	1.147001	0.591375	-2.479629	0.157750	0.338593	0.101075	-0.922092	-6.054246	41.019550	-162.850409	-0.720940	-0.222473	-0.656317	0.359367	-0.929797	-0.079576	-0.592538	-0.293228	0.750278			
65189						-5.757380	2.690365	7.644045	0.542499	-3.504886	-0.526298	1.198092	0.467807	-2.458865	0.144132	0.340417	0.100065	-0.923758	-6.612928	41.130078	-164.746948	-0.726685	-0.198159	-0.657771	0.334414	-0.938426	-0.086742	-0.600081	-0.283001	0.748207			
65190						-5.403006	2.963997	7.655546	0.275112	-3.914892	-0.802588	1.218868	0.336820	-2.446673	0.130379	0.341689	0.098869	-0.925459	-7.165200	41.164200	-166.655563	-0.732500	-0.173756	-0.658219	0.308885	-0.946453	-0.093901	-0.606658	-0.272096	0.746947			
65191						-4.883943	2.687388	7.550705	-0.213534	-3.773038	-1.221651	1.269097	0.223149	-2.428163	0.116850	0.342314	0.097272	-0.927203	-7.656519	41.111087	-168.509202	-0.738335	-0.150092	-0.657521	0.283283	-0.953768	-0.100383	-0.612056	-0.260381	0.746719			
65192						-4.450627	2.331998	7.545586	-0.709111	-3.533300	-1.494355	1.384939	0.117974	-2.412270	0.103051	0.342549	0.095072	-0.928979	-8.076771	40.998264	-170.364205	-0.744081	-0.126330	-0.656036	0.256597	-0.960684	-0.106039	-0.616847	-0.247239	0.747243			
65193						-4.126354	2.185976	7.585761	-1.081532	-3.453704	-1.673222	1.532045	0.035389	-2.410848	0.089199	0.342319	0.092084	-0.930796	-8.385003	40.820128	-172.176881	-0.749722	-0.103007	-0.653686	0.229096	-0.967128	-0.110355	-0.620831	-0.232493	0.748676			
65194						-4.124633	1.730167	7.694954	-1.315747	-3.029320	-1.547690	1.688619	-0.068846	-2.444826	0.074793	0.341664	0.088398	-0.932662	-8.616354	40.582065	-174.021174	-0.755344	-0.079108	-0.650537	0.199917	-0.973184	-0.113783	-0.624091	-0.215998	0.750903			
65195						-4.372480	1.060337	7.829429	-1.383003	-2.361454	-1.207249	1.859532	-0.189367	-2.517361	0.059949	0.340319	0.083936	-0.934636	-8.750169	40.256604	-175.872404	-0.761179	-0.054930	-0.646212	0.169191	-0.978722	-0.116096	-0.626084	-0.197703	0.754276			
65196						-4.923950	0.592245	7.912335	-1.103966	-1.860018	-0.728493	2.010888	-0.331427	-2.648352	0.044136	0.338279	0.078962	-0.936688	-8.845464	39.843536	-177.815862	-0.767239	-0.029262	-0.640693	0.136106	-0.983634	-0.118064	-0.626753	-0.177785	0.758665			
65197						-5.376575	0.481150	7.895785	-0.744190	-1.712398	-0.432054	2.093779	-0.488781	-2.860675	0.027381	0.335265	0.073865	-0.938825	-8.947513	39.312906	-179.860581	-0.773695	-0.001883	-0.633555	0.100940	-0.987589	-0.120333	-0.625465	-0.157052	0.764283			
65198						-5.809529	0.190766	7.685127	-0.267182	-1.392426	-0.281806	2.145229	-0.619520	-3.142989	0.009119	0.331484	0.068992	-0.940891	-9.124181	38.685055	177.901825	-0.780070	0.028579	-0.625039	0.062900	-0.990314	-0.123782	-0.622522	-0.135874	0.770717			
65199						-5.873114	0.491184	7.375930	0.044978	-1.676166	-0.521445	2.202087	-0.708020	-3.486432	-0.010692	0.326976	0.064355	-0.942778	-9.368335	37.963176	175.471762	-0.785945	0.062245	-0.615155	0.021925	-0.991488	-0.128337	-0.617907	-0.114354	0.777891			
65200						-5.792924	0.260467	7.030709	0.241019	-1.454915	-0.819288	2.262841	-0.735590	-3.830065	-0.032333	0.322122	0.060001	-0.944241	-9.693700	37.188729	172.809548	-0.790384	0.099715	-0.604442	-0.022405	-0.990709	-0.134141	-0.612202	-0.092480	0.785274			
65201						-6.054489	0.032536	6.705512	0.708767	-1.300459	-0.900490	2.438656	-0.704875	-4.154146	-0.055653	0.317055	0.055266	-0.945158	-9.997241	36.383259	169.967621	-0.792757	0.140246	-0.593184	-0.070157	-0.987697	-0.139760	-0.605487	-0.069180	0.792843			
65202						-6.644855	-0.011300	6.518555	1.345474	-1.433840	-0.714441	2.685105	-0.653303	-4.422524	-0.080728	0.311937	0.049779	-0.945357	-10.232012	35.573492	166.947809	-0.792356	0.183690	-0.581747	-0.121578	-0.982010	-0.144483	-0.597821	-0.043754	0.800435			
65203						-7.718261	0.281549	6.448729	2.237039	-2.061895	-0.222142	2.941661	-0.627374	-4.666119	-0.107185	0.306499	0.043378	-0.944822	-10.352924	34.741538	163.808960	-0.789139	0.229132	-0.569875	-0.175950	-0.973259	-0.147674	-0.588473	-0.016266	0.808353			
65204						-8.137930	1.107915	6.282904	2.507855	-3.143680	-0.286265	3.081732	-0.637146	-4.879389	-0.134885	0.300695	0.036650	-0.943422	-10.428485	33.881514	160.542185	-0.782777	0.276548	-0.557477	-0.232465	-0.960926	-0.150272	-0.577251	0.011965	0.816479			
65205						-7.864654	1.802686	5.912239	2.273426	-3.930448	-0.899996	3.081475	-0.597828	-5.035137	-0.163099	0.294738	0.030064	-0.941076	-10.494995	33.020214	157.216562	-0.773056	0.324700	-0.544935	-0.289256	-0.944989	-0.152729	-0.564549	0.039558	0.824451			
65206						-7.548917	2.263387	5.457419	2.021648	-4.462797	-1.573507	2.998915	-0.486117	-5.083360	-0.191388	0.289156	0.023855	-0.937651	-10.585337	32.216824	153.862215	-0.759519	0.372706	-0.533125	-0.345115	-0.925603	-0.155417	-0.551387	0.065947	0.831639			
65207						-7.231249	3.506798	5.303068	1.239060	-5.653663	-2.118162	2.841223	-0.302046	-4.973419	-0.218697	0.284305	0.017996	-0.933284	-10.677615	31.520453	150.602045	-0.742684	0.418446	-0.522803	-0.397980	-0.903695	-0.157945	-0.538546	0.090762	0.837694			
65208						-6.989373	5.092858	5.264954	0.165895	-7.080598	-2.578274	2.535703	-0.076839	-4.722369	-0.244327	0.280691	0.012976	-0.928089	-10.839950	30.975542	147.490186	-0.723034	0.460798	-0.514672	-0.446229	-0.880272	-0.161246	-0.527353	0.113076	0.842088			
65209						-6.565047	6.430614	5.054511	-0.968925	-8.114619	-3.239729	2.097127	0.181487	-4.280920	-0.267079	0.278609	0.009019	-0.922478	-11.084177	30.610766	144.663884	-0.702092	0.497774	-0.509203	-0.487723	-0.857175	-0.165460	-0.518838	0.132182	0.844592			
65210						-5.585961	7.732897	4.583995	-2.407765	-8.770261	-4.400877	1.601853	0.518558	-3.650260	-0.286157	0.278684	0.006030	-0.916740	-11.416345	30.498109	142.207037	-0.680899	0.528025	-0.507510	-0.521303	-0.836155	-0.170552	-0.514413	0.148438	0.844598			
65211						-4.126421	8.625629	4.032943	-3.911633	-8.735224	-5.802734	1.148925	0.978655	-2.830056	-0.300726	0.281399	0.003299	-0.911245	-11.763372	30.721297	140.230476	-0.660757	0.549927	-0.510862	-0.546214	-0.819106	-0.175260	-0.514830	0.163236	0.841608			
65212						-3.191718	9.767696	3.574832	-5.185804	-9.108117	-6.894142	0.828752	1.540985	-1.846207	-0.310307	0.287159	-0.000203	-0.906228	-12.022645	31.371821	138.808307	-0.642499	0.562300	-0.520590	-0.562534	-0.807419	-0.177847	-0.520337	0.178583	0.835079			
65213						-2.149091	10.646181	3.373994	-6.444185	-9.143961	-7.763115	0.652769	2.196559	-0.814516	-0.314913	0.296073	-0.005407	-0.901744	-12.095905	32.504741	137.960647	-0.626341	0.564740	-0.537369	-0.571144	-0.801601	-0.176722	-0.530558	0.196227	0.824623			
65214						-2.309411	10.699166	3.683022	-6.667606	-9.113713	-7.393672	0.530959	2.859134	0.255703	-0.314393	0.308120	-0.012704	-0.897807	-11.918818	34.142459	137.729541	-0.612439	0.556700	-0.561252	-0.572357	-0.801992	-0.170930	-0.545276	0.216553	0.809802			
65215						-12.494446	-0.719787	11.599765	1.614404	-3.596383	6.788889	1.112057	3.066908	1.495058	-0.309153	0.319988	-0.024826	-0.895218	-10.935148	36.034191	138.330127	-0.604064	0.537632	-0.588268	-0.569407	-0.807616	-0.153402	-0.557568	0.242299	0.793983			
65216						-19.432531	-18.171264	22.555277	10.039672	10.219838	21.985064	4.779692	0.136374	1.471831	-0.310028	0.312959	-0.048809	-0.896414	-7.592255	36.252512	139.355141	-0.611879	0.525276	-0.591345	-0.586376	-0.803001	-0.106546	-0.530817	0.281557	0.799349			
65217						-5.356689	15.033619	12.105791	-11.980942	-11.245322	1.642472	3.509577	-0.640113	-0.617434	-0.318396	0.304743	-0.062580	-0.895455	-5.804866	35.846645	138.973455	-0.611512	0.532077	-0.585618	-0.608359	-0.789416	-0.081983	-0.505918	0.306132	0.806431			
65218						-0.757911	6.254587	9.723649	-8.236806	-2.303261	-1.996576	1.417106	-0.623946	-0.729024	-0.323930	0.299941	-0.066853	-0.894782	-5.260490	35.455822	138.514647	-0.610210	0.539590	-0.580075	-0.619797	-0.781200	-0.074682	-0.493453	0.313957	0.811132			
65219						-9.696367	-0.391924	11.255479	0.686920	-1.406061	4.965939	0.934616	-0.955778	-0.273967	-0.326873	0.294230	-0.069081	-0.895439	-4.800235	34.896178	138.382038	-0.613166	0.544738	-0.572091	-0.626041	-0.776764	-0.068635	-0.481768	0.316068	0.817313			
65220						-4.652658	-2.853176	8.476857	0.604708	2.332147	-0.022937	0.342411	-1.079009	-0.271631	-0.328877	0.288952	-0.068490	-0.896469	-4.668553	34.271991	138.267914	-0.616694	0.550074	-0.563122	-0.629236	-0.774298	-0.067260	-0.473023	0.312858	0.823632			
65221						-4.443748	-7.595969	10.078324	2.822093	6.587469	1.485881	0.722613	-0.845754	0.183441	-0.329386	0.283899	-0.070610	-0.897731	-4.157445	33.796557	138.439317	-0.621812	0.551308	-0.556246	-0.631493	-0.773038	-0.060247	-0.463213	0.313803	0.828831			
65222						-3.329867	-7.133619	8.346533	2.769232	6.324921	-0.649393	1.146229	-0.535046	0.517138	-0.328812	0.279444	-0.075639	-0.898929	-3.285316	33.514094	138.827322	-0.627588	0.548883	-0.552142	-0.633431	-0.772323	-0.047781	-0.452658	0.319757	0.832380			
65223						-6.193883	-1.205858	9.513562	0.420070	0.630215	1.578078	1.451945	-0.372602	0.717393	-0.327749	0.275095	-0.082560	-0.900048	-2.174686	33.320048	139.331341	-0.633807	0.544557	-0.549315	-0.635404	-0.771529	-0.031709	-0.441080	0.328940	0.835013			
65224						-6.331912	3.813606	9.197018	-2.402220	-3.309996	1.254942	1.295068	-0.294256	0.765787	-0.326152	0.271348	-0.088983	-0.901153	-1.138192	33.168022	139.867847	-0.639990	0.539536	-0.547096	-0.636117	-0.771414	-0.016627	-0.431008	0.337376	0.836905			
65225						-5.399171	2.867473	9.122882	-2.248277	-2.001054	0.748549	1.125377	-0.225065	0.661532	-0.324795	0.268192	-0.094590	-0.902017	-0.244147	33.043267	140.322101	-0.645163	0.535204	-0.545272	-0.636677	-0.771122	-0.003572	-0.422383	0.344858	0.838251			
65226						-5.129868	2.669509	9.375191	-2.308605	-1.528064	0.848933	0.951211	-0.107828	0.555068	-0.323556	0.265916	-0.099479	-0.902610	0.512615	32.984420	140.709606	-0.649201	0.531183	-0.544411	-0.636995	-0.770831	0.007505	-0.415663	0.351659	0.838785			
65227						-4.953593	2.967924	9.401663	-2.552389	-1.576407	0.805098	0.757752	-0.007027	0.467462	-0.322457	0.264417	-0.103516	-0.902989	1.121633	32.976188	141.028737	-0.652210	0.527608	-0.544290	-0.637093	-0.770612	0.016421	-0.410772	0.357474	0.838736			
65228						-5.245030	2.599453	8.925781	-1.883494	-1.550361	0.578920	0.538629	0.084834	0.356630	-0.321448	0.263763	-0.106591	-0.903182	1.569888	33.023295	141.283546	-0.654201	0.524422	-0.544980	-0.636881	-0.770619	0.022970	-0.407926	0.362115	0.838134			
65229						-5.097693	0.489718	8.655156	-0.496338	0.108913	0.231194	0.443564	0.150291	0.299403	-0.320602	0.263562	-0.109238	-0.903225	1.938474	33.103721	141.491236	-0.655498	0.521570	-0.546156	-0.636735	-0.770562	0.028336	-0.406068	0.366331	0.837204			
65230						-5.828963	1.746412	8.150486	-0.592245	-1.375298	0.247868	0.362359	0.185819	0.303624	-0.319537	0.263670	-0.111609	-0.903282	2.268923	33.206811	141.714085	-0.656749	0.518407	-0.547663	-0.636119	-0.770880	0.033125	-0.405010	0.370133	0.836043			
65231						-5.903270	3.086498	7.789163	-1.236599	-2.540982	0.039230	0.227011	0.145929	0.199710	-0.318855	0.263848	-0.113138	-0.903280	2.477309	33.285213	141.854882	-0.657431	0.516328	-0.548807	-0.635734	-0.771062	0.036133	-0.404508	0.372650	0.835168			
65232						-5.646942	2.113255	7.776807	-0.776713	-1.639843	-0.141072	0.091904	0.083553	0.037814	-0.318680	0.264073	-0.113777	-0.903196	2.553084	33.335208	141.895151	-0.657417	0.515570	-0.549536	-0.635752	-0.770996	0.037216	-0.404503	0.373835	0.834641			
65233						-5.606260	0.997185	7.782408	-0.098003	-0.748791	-0.199150	0.008821	0.039756	-0.019850	-0.318762	0.264243	-0.113862	-0.903107	2.552433	33.358064	141.882731	-0.657133	0.515578	-0.549870	-0.635926	-0.770853	0.037197	-0.404691	0.374120	0.834422			
65234						-5.622562	0.527312	7.750507	0.221632	-0.404997	-0.234145	-0.013704	0.016719	-0.024944	-0.318764	0.264370	-0.113835	-0.903072	2.543389	33.371426	141.878714	-0.656995	0.515545	-0.550064	-0.635923	-0.770862	0.037059	-0.404918	0.374147	0.834300			
65235						-5.521550	0.550105	7.817562	0.112085	-0.346070	-0.232913	-0.005287	-0.000431	-0.007352	-0.318793	0.264375	-0.113809	-0.903064	2.538686	33.370951	141.873642	-0.656953	0.515606	-0.550057	-0.635958	-0.770837	0.036991	-0.404932	0.374115	0.834307			
65236						-5.523236	0.401147	7.945876	0.156992	-0.182797	-0.130439	0.009549	-0.009990	0.020296	-0.318637	0.264319	-0.113905	-0.903123	2.559578	33.367909	141.899873	-0.657212	0.515323	-0.550013	-0.635751	-0.770993	0.037297	-0.404836	0.374183	0.834323			
65237						-5.588473	0.010057	7.897633	0.471834	0.070105	-0.149552	0.048243	-0.008706	0.063351	-0.318422	0.264160	-0.114200	-0.903208	2.612055	33.360865	141.943012	-0.657653	0.514869	-0.549910	-0.635538	-0.771131	0.038064	-0.404455	0.374521	0.834356			
65238						-5.573357	-0.109088	7.922699	0.535228	0.189002	-0.142054	0.105758	0.000760	0.127378	-0.317904	0.263938	-0.114888	-0.903368	2.728481	33.361101	142.042774	-0.658547	0.513722	-0.549914	-0.635016	-0.771475	0.039759	-0.403820	0.375387	0.834275			
65239						-5.579938	0.230632	8.169551	0.236070	0.031524	0.080427	0.153908	0.012686	0.187550	-0.317255	0.263636	-0.115859	-0.903561	2.888673	33.362665	142.171709	-0.659690	0.512230	-0.549937	-0.634408	-0.771852	0.042091	-0.402909	0.376651	0.834145			
65240						-5.661845	1.016758	8.244575	-0.226021	-0.569191	0.221663	0.142425	0.038323	0.171408	-0.316566	0.263501	-0.116830	-0.903717	3.043269	33.382697	142.302684	-0.660707	0.510603	-0.550229	-0.633741	-0.772274	0.044331	-0.402292	0.377992	0.833836			
65241						-5.491667	0.865636	8.279733	-0.247835	-0.334981	0.151651	0.115678	0.053931	0.122288	-0.316137	0.263483	-0.117606	-0.903771	3.157882	33.409323	142.388500	-0.661268	0.509456	-0.550617	-0.633406	-0.772452	0.045985	-0.401898	0.379172	0.833491			
65242						-5.441811	0.648087	8.364533	-0.172247	-0.092604	0.185336	0.101609	0.077969	0.092167	-0.315727	0.263637	-0.118351	-0.903773	3.260338	33.454097	142.467060	-0.661625	0.508287	-0.551269	-0.633094	-0.772619	0.047451	-0.401802	0.380399	0.832977			
65243						-5.418764	0.480422	8.395700	-0.092061	0.076989	0.190670	0.112918	0.106275	0.081795	-0.315446	0.263884	-0.119144	-0.903695	3.359416	33.511734	142.527397	-0.661719	0.507252	-0.552108	-0.633013	-0.772597	0.048858	-0.401773	0.381822	0.832340			
65244						-5.463685	0.517274	8.380606	-0.079386	0.040251	0.204599	0.125962	0.136847	0.090729	-0.315039	0.264265	-0.120090	-0.903600	3.476850	33.589932	142.607584	-0.661829	0.505868	-0.553245	-0.632810	-0.772658	0.050519	-0.401913	0.383534	0.831485			
65245						-5.539516	0.566579	8.297353	-0.028128	-0.046296	0.179827	0.130737	0.161038	0.100237	-0.314665	0.264719	-0.121074	-0.903466	3.594784	33.678027	142.683302	-0.661820	0.504476	-0.554525	-0.632679	-0.772655	0.052177	-0.402135	0.385368	0.830530			
65246						-5.579489	0.663424	8.105984	0.012520	-0.190135	0.048421	0.144781	0.171585	0.111456	-0.314168	0.265214	-0.122185	-0.903344	3.732186	33.775003	142.779706	-0.661919	0.502794	-0.555933	-0.632415	-0.772738	0.054107	-0.402386	0.387395	0.829464			
65247						-5.632846	0.664076	8.073818	0.059029	-0.205003	0.051943	0.148562	0.173467	0.115416	-0.313740	0.265687	-0.123289	-0.903204	3.867035	33.869328	142.867105	-0.661955	0.501230	-0.557301	-0.632256	-0.772734	0.055997	-0.402577	0.389424	0.828420			
65248						-5.606816	0.720474	8.070527	0.006831	-0.210277	0.038432	0.153010	0.170035	0.126890	-0.313185	0.266152	-0.124455	-0.903100	4.015695	33.964434	142.974816	-0.662156	0.499427	-0.558678	-0.631923	-0.772852	0.058082	-0.402768	0.391501	0.827348			
65249						-5.673617	0.872633	7.997005	-0.015876	-0.364217	0.024514	0.150889	0.174163	0.131189	-0.312687	0.266613	-0.125591	-0.902979	4.158648	34.058139	143.073900	-0.662288	0.497732	-0.560034	-0.631669	-0.772907	0.060079	-0.402951	0.393546	0.826288			
65250						-5.639609	0.928932	8.035346	-0.089696	-0.349700	0.041475	0.135233	0.160805	0.127018	-0.312113	0.267063	-0.126662	-0.902895	4.297644	34.147536	143.182069	-0.662526	0.495956	-0.561326	-0.631264	-0.773085	0.062018	-0.403194	0.395433	0.825268			
65251						-5.699921	0.979605	8.033281	-0.081706	-0.396614	0.077627	0.116596	0.155154	0.117527	-0.311642	0.267500	-0.127595	-0.902797	4.415756	34.230581	143.271470	-0.662646	0.494435	-0.562525	-0.630962	-0.773198	0.063656	-0.403469	0.397113	0.824326			
65252						-5.684864	1.023212	8.061872	-0.132335	-0.389565	0.096355	0.095228	0.148361	0.103241	-0.311127	0.267971	-0.128434	-0.902716	4.522878	34.313559	143.363308	-0.662784	0.492885	-0.563722	-0.630552	-0.773410	0.065133	-0.403884	0.398625	0.823393			
65253						-5.660404	0.993754	8.075364	-0.138486	-0.330150	0.092413	0.083951	0.153290	0.090104	-0.310736	0.268467	-0.129179	-0.902597	4.612045	34.396510	143.434193	-0.662737	0.491578	-0.564917	-0.630300	-0.773511	0.066349	-0.404354	0.400039	0.822476			
65254						-5.711610	0.797658	8.031155	0.032929	-0.201585	0.072476	0.081148	0.156621	0.083721	-0.310284	0.269009	-0.129941	-0.902482	4.704277	34.484851	143.513606	-0.662716	0.490141	-0.566188	-0.629962	-0.773678	0.067601	-0.404913	0.401478	0.821499			
65255						-5.676449	0.814727	7.985143	0.012980	-0.197349	0.016312	0.081667	0.160531	0.088297	-0.309893	0.269542	-0.130685	-0.902350	4.792103	34.571828	143.584132	-0.662627	0.488814	-0.567439	-0.629714	-0.773775	0.068789	-0.405445	0.402905	0.820537			
65256						-5.750059	1.029905	7.926215	-0.054126	-0.403672	0.025141	0.082269	0.158751	0.087403	-0.309424	0.270088	-0.131460	-0.902235	4.886945	34.660999	143.666705	-0.662618	0.487335	-0.568720	-0.629357	-0.773950	0.070071	-0.406013	0.404359	0.819541			
65257						-5.761444	1.237326	7.814742	-0.136902	-0.597903	-0.044414	0.060558	0.146007	0.054707	-0.309165	0.270610	-0.132040	-0.902082	4.949343	34.741154	143.713513	-0.662374	0.486322	-0.569870	-0.629247	-0.773965	0.070895	-0.406582	0.405548	0.818671			
65258						-5.813605	1.284898	7.741050	-0.108539	-0.675880	-0.070809	0.038237	0.127745	0.012738	-0.308992	0.271134	-0.132467	-0.901922	4.988797	34.816188	143.742916	-0.662021	0.485540	-0.570946	-0.629205	-0.773953	0.071394	-0.407221	0.406506	0.817878			
65259						-5.781420	1.074745	7.772594	-0.017809	-0.475741	-0.077880	0.027370	0.103900	-0.025305	-0.309076	0.271570	-0.132724	-0.901724	4.999142	34.876241	143.731743	-0.661444	0.485315	-0.571806	-0.629490	-0.773713	0.071489	-0.407719	0.407232	0.817268			
65260						-5.743419	0.922451	7.804051	0.033079	-0.318894	-0.084471	0.034605	0.090067	-0.044071	-0.309177	0.271967	-0.133000	-0.901529	5.012790	34.932617	143.719637	-0.660887	0.485121	-0.572613	-0.629807	-0.773441	0.071635	-0.408131	0.407978	0.816690			
65261						-5.788965	0.675681	7.793405	0.216517	-0.148545	-0.084539	0.041314	0.081941	-0.045986	-0.309388	0.272296	-0.133257	-0.901319	5.022096	34.981167	143.692746	-0.660268	0.485144	-0.573307	-0.630286	-0.773043	0.071725	-0.408394	0.408705	0.816195			
65262						-5.736226	0.722886	7.807351	0.141160	-0.146393	-0.099798	0.053276	0.075696	-0.035972	-0.309488	0.272593	-0.133606	-0.901144	5.049120	35.028956	143.685387	-0.659820	0.484945	-0.573990	-0.630626	-0.772734	0.072068	-0.408593	0.409525	0.815685			
