// General information: 
//  MT Manager version: 2021.4.0 
//  XDA version: 2021.4.0 build 6323 rev 112641 built on 2021-09-28
// Device information: 
//  DeviceId: 00B4A3CC
//  ProductCode: MTW2-3A7G6
//  Firmware Version: 4.6.0
//  Hardware Version: 2.0.0
// Device settings: 
//  Filter Profile: human(46.1)
//  Option Flags: Orientation Smoother Disabled, Position/Velocity Smoother Disabled, Continuous Zero Rotation Update Disabled, AHS Disabled, ICC Disabled
// Coordinate system: ENU
PacketCounter	SampleTimeFine	Year	Month	Day	Second	Acc_X	Acc_Y	Acc_Z	FreeAcc_E	FreeAcc_N	FreeAcc_U	Gyr_X	Gyr_Y	Gyr_Z	Quat_q0	Quat_q1	Quat_q2	Quat_q3	Roll	Pitch	Yaw	Mat[1][1]	Mat[2][1]	Mat[3][1]	Mat[1][2]	Mat[2][2]	Mat[3][2]	Mat[1][3]	Mat[2][3]	Mat[3][3]	GyrTemp_X	GyrTemp_Y	GyrTemp_Z
65109						-9.797044	0.068697	0.023153	-0.180857	-0.164733	-0.018430	0.009445	-0.056379	0.031553	0.576027	0.425728	0.567987	-0.405388	104.428588	88.227765	32.432418	0.026103	0.016586	-0.999522	0.950645	0.308832	0.029951	0.309181	-0.950972	-0.007706			
65110						-9.786496	-0.041640	-0.171710	-0.350395	-0.009945	-0.030876	0.055485	-0.051796	0.032823	0.576113	0.425893	0.567671	-0.405534	103.491089	88.214063	31.463587	0.026583	0.016267	-0.999514	0.950802	0.308314	0.030305	0.308657	-0.951146	-0.007271			
65111						-9.762136	-0.065913	0.002047	-0.323732	-0.178255	-0.057326	0.121086	-0.050701	0.030875	0.576079	0.426207	0.567219	-0.405886	102.489652	88.203618	30.395363	0.027039	0.015861	-0.999509	0.951150	0.307209	0.030606	0.307543	-0.951510	-0.006779			
65112						-9.817604	0.229372	0.170807	0.003355	-0.246662	0.005983	0.162232	-0.037141	0.026730	0.575884	0.426692	0.566741	-0.406320	101.923863	88.190649	29.737226	0.027416	0.015661	-0.999501	0.951634	0.305675	0.030893	0.306007	-0.952007	-0.006524			
65113						-9.792047	0.689225	0.122246	0.423774	-0.058525	-0.004979	0.150727	-0.026717	0.024521	0.575712	0.427088	0.566376	-0.406657	101.573883	88.179809	29.313668	0.027696	0.015551	-0.999495	0.952019	0.304452	0.031117	0.304783	-0.952401	-0.006373			
65114						-9.775971	0.978571	0.085385	0.685624	0.064827	-0.011656	0.069423	-0.019584	0.022451	0.575655	0.427329	0.566147	-0.406803	101.293800	88.166979	28.994599	0.027978	0.015505	-0.999488	0.952218	0.303803	0.031367	0.304134	-0.952609	-0.006264			
65115						-9.711491	0.949836	0.104555	0.663578	0.039474	-0.076966	-0.012221	-0.017541	0.008890	0.575755	0.427297	0.566102	-0.406758	100.971652	88.161032	28.680119	0.028153	0.015401	-0.999485	0.952173	0.303931	0.031504	0.304260	-0.952570	-0.006108			
65116						-9.701142	0.720640	0.182252	0.468320	-0.102626	-0.094928	-0.073672	-0.022461	-0.003541	0.575960	0.427046	0.566211	-0.406580	100.652454	88.163029	28.403943	0.028197	0.015248	-0.999486	0.951944	0.304649	0.031503	0.304973	-0.952343	-0.005926			
65117						-9.743016	0.480424	-0.040542	0.171418	0.039317	-0.059335	-0.090208	-0.033337	-0.006541	0.576299	0.426525	0.566451	-0.406313	100.106884	88.178114	27.937677	0.028087	0.014895	-0.999494	0.951525	0.305974	0.031299	0.306285	-0.951923	-0.005579			
65118						-9.858873	0.292631	-0.275362	-0.083208	0.206982	0.051848	-0.045936	-0.043066	-0.006933	0.576496	0.426302	0.566451	-0.406267	99.444034	88.183911	27.301829	0.028161	0.014536	-0.999498	0.951380	0.306428	0.031262	0.306729	-0.951783	-0.005200			
65119						-9.883987	0.127287	-0.431121	-0.291067	0.308474	0.072422	0.007123	-0.050500	0.002446	0.576621	0.426289	0.566240	-0.406398	98.515957	88.181922	26.361889	0.028427	0.014088	-0.999497	0.951438	0.306237	0.031376	0.306525	-0.951851	-0.004698			
65120						-9.821436	0.209506	-0.309117	-0.174938	0.222611	0.011767	0.050098	-0.053117	-0.008175	0.576639	0.426319	0.566018	-0.406649	97.724573	88.188642	25.542379	0.028520	0.013629	-0.999500	0.951588	0.305778	0.031322	0.306052	-0.952005	-0.004249			
65121						-9.855528	0.338988	-0.224722	-0.028511	0.187150	0.049412	0.035041	-0.063361	-0.014207	0.576701	0.426338	0.565712	-0.406966	96.543082	88.195314	24.327251	0.028696	0.012973	-0.999504	0.951765	0.305229	0.031287	0.305484	-0.952191	-0.003589			
65122						-9.950133	0.546537	-0.121607	0.197252	0.157020	0.149996	-0.011013	-0.067757	-0.016900	0.576873	0.426137	0.565591	-0.407101	95.452596	88.206905	23.243503	0.028751	0.012348	-0.999510	0.951730	0.305352	0.031149	0.305587	-0.952160	-0.002973			
65123						-9.925846	0.528008	0.006965	0.219894	0.037417	0.124692	-0.091398	-0.080066	-0.025611	0.577279	0.425549	0.565667	-0.407035	93.974617	88.229117	21.831349	0.028687	0.011492	-0.999522	0.951384	0.306461	0.030828	0.306669	-0.951814	-0.002142			
65124						-9.842943	0.456367	-0.000660	0.151543	0.032158	0.039612	-0.121200	-0.087406	-0.028396	0.577717	0.424958	0.565738	-0.406933	92.427999	88.246265	20.354462	0.028693	0.010645	-0.999532	0.951014	0.307633	0.030576	0.307815	-0.951445	-0.001296			
65125						-9.933434	0.420890	-0.021678	0.108348	0.050319	0.128965	-0.129684	-0.091516	-0.035248	0.578187	0.424316	0.565786	-0.406869	90.595055	88.265463	18.592454	0.028689	0.009651	-0.999542	0.950636	0.308828	0.030267	0.308978	-0.951069	-0.000314			
65126						-9.980559	0.329559	0.044563	0.041004	-0.031783	0.173276	-0.105924	-0.092771	-0.036677	0.578591	0.423734	0.565827	-0.406845	88.890460	88.284572	16.948784	0.028635	0.008727	-0.999552	0.950313	0.309854	0.029930	0.309977	-0.950744	0.000580			
65127						-10.038240	0.372582	0.216175	0.134211	-0.170766	0.232442	-0.094723	-0.101871	-0.032872	0.579048	0.423084	0.565831	-0.406864	86.764226	88.304645	14.885843	0.028592	0.007600	-0.999562	0.949976	0.310923	0.029538	0.311011	-0.950405	0.001670			
65128						-10.074348	0.248747	0.325797	0.049589	-0.303384	0.265308	-0.090204	-0.101134	-0.031189	0.579452	0.422545	0.565804	-0.406886	84.838640	88.316844	13.012122	0.028618	0.006613	-0.999569	0.949698	0.311798	0.029253	0.311857	-0.950125	0.002642			
65129						-10.153828	0.282028	0.497418	0.131215	-0.445106	0.346635	-0.103385	-0.120973	-0.032025	0.579934	0.421985	0.565683	-0.406949	82.424835	88.321328	10.648146	0.028790	0.005413	-0.999571	0.949427	0.312643	0.029039	0.312666	-0.949855	0.003862			
65130						-10.067629	0.252681	0.202553	0.012005	-0.160829	0.258857	-0.120299	-0.138842	-0.015455	0.580540	0.421326	0.565574	-0.406919	79.765055	88.316686	8.057156	0.029085	0.004117	-0.999568	0.949048	0.313802	0.028908	0.313786	-0.949480	0.005220			
65131						-9.930858	0.083734	0.025719	-0.202770	-0.031170	0.116437	-0.140336	-0.148735	-0.005856	0.581278	0.420522	0.565503	-0.406796	76.834827	88.305606	5.219500	0.029446	0.002690	-0.999563	0.948536	0.315356	0.028791	0.315296	-0.948969	0.006734			
65132						-9.880399	-0.074016	-0.121680	-0.401783	0.072592	0.060298	-0.149350	-0.150894	-0.003101	0.582003	0.419788	0.565391	-0.406673	74.057223	88.284934	2.527279	0.029900	0.001320	-0.999552	0.948059	0.316790	0.028778	0.316686	-0.948495	0.008221			
65133						-9.947304	-0.108211	-0.087219	-0.430195	0.043806	0.126184	-0.146125	-0.158805	-0.010302	0.582742	0.419039	0.565210	-0.406639	70.999117	88.259926	-0.452936	0.030364	-0.000240	-0.999539	0.947622	0.318102	0.028711	0.317948	-0.948057	0.009886			
65134						-10.087588	-0.096228	-0.038606	-0.411953	0.016713	0.267004	-0.154555	-0.171316	-0.011882	0.583516	0.418223	0.565066	-0.406568	67.962889	88.231645	-3.401000	0.030804	-0.001831	-0.999524	0.947127	0.319583	0.028604	0.319378	-0.947557	0.011578			
65135						-10.286443	-0.129213	-0.021652	-0.447137	0.008277	0.464863	-0.140715	-0.185358	-0.015046	0.584355	0.417247	0.564949	-0.406530	64.541519	88.203577	-6.721468	0.031133	-0.003669	-0.999509	0.946562	0.321277	0.028304	0.321015	-0.946978	0.013475			
65136						-10.432461	-0.153670	-0.052026	-0.490387	0.048585	0.609389	-0.100963	-0.211666	-0.002256	0.585150	0.416531	0.564557	-0.406665	61.200884	88.149667	-10.004886	0.031798	-0.005610	-0.999479	0.946232	0.322250	0.028295	0.321923	-0.946638	0.015555			
65137						-10.545869	-0.270531	0.023210	-0.586495	-0.037973	0.720290	-0.042986	-0.234764	0.001560	0.585955	0.415788	0.564083	-0.406925	57.638130	88.087633	-13.520087	0.032446	-0.007802	-0.999443	0.945957	0.323066	0.028188	0.322666	-0.946344	0.017862			
65138						-10.551973	-0.381943	0.048165	-0.692696	-0.073939	0.723298	0.019176	-0.255293	0.004054	0.586634	0.415351	0.563304	-0.407470	54.250453	88.004543	-16.919652	0.033313	-0.010134	-0.999394	0.946010	0.322903	0.028259	0.322421	-0.946378	0.020344			
65139						-10.501693	-0.549161	-0.040027	-0.884271	-0.017510	0.666169	0.078769	-0.278503	-0.001719	0.587353	0.414721	0.562526	-0.408152	50.407281	87.918965	-20.769047	0.033953	-0.012877	-0.999340	0.946041	0.322837	0.027983	0.322264	-0.946367	0.023143			
65140						-10.359902	-0.689831	-0.073166	-1.033400	-0.004864	0.518855	0.155501	-0.301478	0.006574	0.587882	0.414595	0.561326	-0.409168	47.183469	87.803618	-24.083117	0.034989	-0.015639	-0.999265	0.946531	0.321385	0.028112	0.320709	-0.946819	0.026048			
65141						-10.306669	-0.569387	0.010393	-0.900832	-0.015343	0.470304	0.229426	-0.318456	0.012290	0.588379	0.414496	0.560028	-0.410332	44.043853	87.678003	-27.330725	0.035993	-0.018602	-0.999179	0.947120	0.319642	0.028167	0.318855	-0.947356	0.029123			
65142						-10.373535	-0.340197	0.000465	-0.701644	0.100350	0.542190	0.241725	-0.333157	0.011939	0.588825	0.414571	0.558544	-0.411636	41.293146	87.534717	-30.221263	0.037168	-0.021651	-0.999074	0.947876	0.317374	0.028385	0.316465	-0.948053	0.032318			
65143						-10.419309	-0.096971	-0.030994	-0.494501	0.242201	0.592554	0.179038	-0.357003	-0.000227	0.589461	0.414327	0.557170	-0.412831	38.458008	87.380511	-33.153937	0.038263	-0.024994	-0.998955	0.948398	0.315807	0.028424	0.314766	-0.948494	0.035788			
65144						-10.291252	0.092443	0.118595	-0.274016	0.193242	0.474194	0.107038	-0.389374	-0.022602	0.590268	0.413790	0.555866	-0.413975	35.528832	87.212168	-36.146568	0.039275	-0.028689	-0.998816	0.948735	0.314806	0.028264	0.313622	-0.948722	0.039582			
65145						-9.975765	0.001601	-0.256348	-0.474164	0.549938	0.139911	-0.084220	-0.397502	-0.030162	0.591545	0.412455	0.555070	-0.414551	32.513016	87.039245	-39.089651	0.040090	-0.032568	-0.998665	0.948334	0.316057	0.027762	0.314731	-0.948181	0.043556			
65146						-9.571687	-0.057160	-0.608180	-0.633227	0.887887	-0.283736	-0.233006	-0.376384	-0.053142	0.592950	0.410851	0.554567	-0.414809	29.848228	86.872940	-41.623262	0.040778	-0.036234	-0.998511	0.947612	0.318269	0.027150	0.316811	-0.947308	0.047314			
65147						-8.930413	-0.288105	-1.274619	-1.043792	1.452280	-0.966148	-0.387978	-0.317942	-0.083922	0.594469	0.408754	0.554682	-0.414555	27.324236	86.741647	-43.915110	0.040945	-0.039423	-0.998383	0.946336	0.322130	0.026090	0.320581	-0.945874	0.050496			
65148						-8.245209	-0.238116	-2.094716	-1.237379	2.236771	-1.695192	-0.482511	-0.202298	-0.109792	0.595777	0.406608	0.555322	-0.413928	25.226620	86.668300	-45.738012	0.040562	-0.041620	-0.998310	0.944815	0.326668	0.024769	0.325085	-0.944222	0.052574			
65149						-7.774160	-0.180374	-2.862075	-1.418330	2.966591	-2.206818	-0.513257	-0.046905	-0.148470	0.596738	0.404245	0.556853	-0.412802	23.200481	86.694203	-47.416662	0.039020	-0.042458	-0.998336	0.942878	0.332362	0.022717	0.330844	-0.942196	0.053002			
65150						-7.960162	-0.183209	-3.634767	-1.686811	3.695592	-2.059848	-0.584359	0.128040	-0.194829	0.597148	0.402235	0.558852	-0.411468	21.586142	86.807559	-48.696880	0.036758	-0.041836	-0.998448	0.940994	0.337803	0.020488	0.336422	-0.940287	0.051784			
65151						-8.439274	-0.066111	-4.799596	-1.989557	4.829200	-1.628418	-0.623033	0.281501	-0.240944	0.597209	0.399938	0.561775	-0.409634	19.631363	87.022967	-50.238617	0.033218	-0.039924	-0.998650	0.938624	0.344500	0.017449	0.343339	-0.937937	0.048917			
65152						-8.810855	0.824122	-5.233346	-1.313555	5.526994	-1.243847	-0.496534	0.444097	-0.214861	0.596502	0.398771	0.564565	-0.407963	18.735936	87.306935	-50.848830	0.029665	-0.036436	-0.998896	0.936965	0.349096	0.015092	0.348161	-0.936378	0.044496			
65153						-9.352972	1.438660	-4.421039	-0.465115	4.958944	-0.631961	-0.387605	0.564392	-0.110326	0.595504	0.398204	0.567533	-0.405852	19.364317	87.650194	-49.951155	0.026381	-0.031386	-0.999159	0.935360	0.353436	0.013595	0.352712	-0.934932	0.038681			
65154						-10.078776	0.658009	-3.953145	-1.041006	4.214418	0.126964	-0.408452	0.626244	-0.019028	0.594487	0.398213	0.570281	-0.403473	22.280757	87.992744	-46.796876	0.023978	-0.025532	-0.999386	0.933906	0.357272	0.013280	0.356714	-0.933651	0.032411			
65155						-10.570567	-1.235975	-3.892147	-2.785638	3.426109	0.623540	-0.296451	0.645484	-0.056307	0.593187	0.398182	0.573172	-0.401316	25.531369	88.358418	-43.327203	0.020839	-0.019657	-0.999590	0.932564	0.360793	0.012347	0.360402	-0.932439	0.025850			
65156						-10.059245	-1.573095	-3.492830	-2.918098	2.859435	0.145768	-0.044086	0.635130	-0.142388	0.591156	0.398927	0.575446	-0.400318	29.356632	88.722071	-39.473826	0.017215	-0.014178	-0.999751	0.932422	0.361206	0.010934	0.360962	-0.932378	0.019438			
65157						-9.093223	-1.677878	-3.493010	-2.961846	2.753491	-0.793347	0.140701	0.653576	-0.162756	0.588687	0.399957	0.577700	-0.399681	35.876053	89.109399	-32.990538	0.013037	-0.008463	-0.999879	0.932684	0.360579	0.009109	0.360459	-0.932690	0.012595			
65158						-9.015671	-1.982134	-3.652168	-3.259882	2.747097	-0.847435	0.389588	0.702057	-0.151270	0.585563	0.402077	0.579307	-0.399816	54.418524	89.460986	-14.668267	0.009101	-0.002382	-0.999956	0.934087	0.356962	0.007651	0.356928	-0.934116	0.005474			
65159						-9.296535	-2.092447	-3.743488	-3.347427	2.748077	-0.535837	0.684962	0.744197	-0.120860	0.581782	0.404993	0.580686	-0.400392	111.310773	89.616690	41.880524	0.004981	0.004466	-0.999978	0.936230	0.351333	0.006233	0.351353	-0.936240	-0.002431			
65160						-9.291739	-2.011854	-4.094198	-3.337066	3.066941	-0.506573	0.984526	0.806559	-0.065589	0.577294	0.409284	0.581205	-0.401771	152.494616	89.313727	82.503559	0.001563	0.011875	-0.999928	0.939635	0.342134	0.005532	0.342175	-0.939576	-0.010624			
65161						-9.345167	-2.102451	-4.157205	-3.376177	3.054412	-0.415550	1.323771	0.878179	-0.010346	0.571989	0.414603	0.581423	-0.403585	165.922156	88.824694	95.221168	-0.001867	0.020426	-0.999790	0.943811	0.330447	0.004989	0.330480	-0.943603	-0.019895			
65162						-9.519029	-2.038714	-3.982143	-3.184007	2.872029	-0.208596	1.641459	0.951050	0.040780	0.565868	0.421326	0.580742	-0.406221	170.378971	88.282197	98.740452	-0.004555	0.029629	-0.999551	0.949099	0.314937	0.005010	0.314944	-0.948650	-0.029555			
65163						-9.608262	-1.985182	-3.838784	-3.007375	2.710978	-0.086359	1.943147	0.986479	0.078691	0.558988	0.428927	0.579633	-0.409365	172.905361	87.695373	100.181818	-0.007108	0.039579	-0.999191	0.954901	0.296884	0.004967	0.296841	-0.954093	-0.039905			
65164						-9.604581	-1.718775	-3.732136	-2.637251	2.651329	-0.058431	2.197862	1.020362	0.098692	0.551469	0.437422	0.577755	-0.413211	174.342501	87.103943	100.361783	-0.009087	0.049700	-0.998723	0.961192	0.275837	0.004981	0.275732	-0.959919	-0.050278			
65165						-9.678876	-1.250492	-3.781445	-2.107309	2.775397	0.056407	2.362369	1.058084	0.106132	0.543342	0.446365	0.575693	-0.417271	175.693739	86.473921	100.374116	-0.011075	0.060497	-0.998107	0.967380	0.253287	0.004618	0.253087	-0.965498	-0.061329			
65166						-9.855622	-0.676181	-3.847423	-1.465959	2.911830	0.275123	2.481794	1.102529	0.105449	0.534790	0.455680	0.573245	-0.421598	176.819341	85.835481	100.079043	-0.012709	0.071500	-0.997360	0.973366	0.229221	0.004029	0.228904	-0.970745	-0.072509			
65167						-10.043506	-0.342181	-3.807211	-1.021828	2.852461	0.497577	2.494054	1.160339	0.094746	0.525789	0.465188	0.570822	-0.425804	177.922337	85.151044	99.734860	-0.014293	0.083312	-0.996421	0.978845	0.204582	0.003065	0.204105	-0.975298	-0.084474			
65168						-10.296310	-0.226347	-3.745095	-0.785788	2.697021	0.779653	2.444992	1.201955	0.075521	0.516775	0.474358	0.568569	-0.429718	179.036398	84.457347	99.448795	-0.015856	0.095276	-0.995325	0.983545	0.180654	0.001624	0.179965	-0.978921	-0.096573			
65169						-10.373559	-0.161741	-3.593817	-0.588665	2.442491	0.875536	2.395735	1.235997	0.039859	0.507494	0.483386	0.566495	-0.433442	-179.761594	83.733257	99.265897	-0.017576	0.107733	-0.994024	0.987609	0.156933	-0.000454	0.155946	-0.981716	-0.109156			
65170						-10.349244	-0.201116	-3.448872	-0.505644	2.180753	0.865733	2.318363	1.264981	0.007140	0.498271	0.492000	0.564635	-0.436863	-178.570619	83.004523	99.129543	-0.019324	0.120248	-0.992556	0.990953	0.134172	-0.003038	0.132808	-0.983635	-0.121753			
65171						-10.424380	-0.140941	-3.314832	-0.330553	1.924092	0.951244	2.235599	1.284544	-0.021535	0.488939	0.500352	0.563005	-0.440013	-177.373926	82.253146	99.037016	-0.021173	0.133123	-0.990873	0.993681	0.112072	-0.006176	0.110227	-0.984743	-0.134655			
65172						-10.369755	-0.119675	-3.223298	-0.210762	1.716477	0.908462	2.126001	1.293127	-0.050142	0.479824	0.508228	0.561591	-0.442819	-176.254240	81.507736	98.939514	-0.022948	0.145882	-0.989036	0.995783	0.091232	-0.009648	0.088824	-0.985086	-0.147360			
65173						-10.288951	-0.172793	-3.301368	-0.184577	1.668513	0.863048	2.035325	1.310174	-0.079578	0.470664	0.515799	0.560469	-0.445311	-175.141624	80.739345	98.884339	-0.024853	0.158995	-0.986966	0.997362	0.071299	-0.013629	0.068203	-0.984701	-0.160348			
65174						-10.255821	-0.227994	-3.188756	-0.148519	1.426873	0.833530	1.968557	1.333772	-0.108103	0.461568	0.523075	0.559483	-0.447578	-174.083426	79.968700	98.815554	-0.026695	0.172128	-0.984713	0.998479	0.052132	-0.017955	0.048245	-0.983694	-0.173258			
65175						-10.298550	-0.160213	-3.170746	0.003610	1.266607	0.889320	1.934620	1.355582	-0.123872	0.452298	0.530251	0.558633	-0.449655	-173.052644	79.172466	98.732957	-0.028522	0.185676	-0.982197	0.999187	0.033288	-0.022722	0.028476	-0.982047	-0.186474			
65176						-10.453725	0.006680	-3.087752	0.255721	1.018360	1.036731	1.895661	1.366666	-0.141310	0.443099	0.537193	0.557817	-0.451583	-172.082274	78.381562	98.616854	-0.030174	0.199120	-0.979510	0.999503	0.014992	-0.027742	0.009161	-0.979860	-0.199473			
65177						-10.674693	0.050380	-3.114573	0.382203	0.849688	1.268007	1.847364	1.351559	-0.140581	0.433907	0.543975	0.557041	-0.453345	-171.170627	77.587122	98.462100	-0.031632	0.212615	-0.976624	0.999451	-0.002861	-0.032994	-0.009809	-0.977132	-0.212408			
65178						-10.628667	-0.080677	-3.275593	0.325049	0.867201	1.270841	1.838137	1.340222	-0.144800	0.424811	0.550577	0.556158	-0.455071	-170.310326	76.811960	98.266233	-0.032801	0.225777	-0.973627	0.999053	-0.020448	-0.038400	-0.028579	-0.973964	-0.224893			
65179						-10.542321	-0.069102	-3.241725	0.406347	0.703450	1.186946	1.913565	1.315874	-0.123354	0.415439	0.557347	0.554928	-0.456979	-169.467786	76.041091	97.994541	-0.033549	0.238882	-0.970469	0.998269	-0.038931	-0.044093	-0.048314	-0.970268	-0.237162			
65180						-10.406942	-0.078980	-3.290405	0.463780	0.638794	1.073645	1.991721	1.284229	-0.091093	0.406081	0.564142	0.553277	-0.459050	-168.681082	75.304841	97.630622	-0.033685	0.251430	-0.967289	0.997076	-0.057965	-0.049789	-0.068588	-0.966138	-0.248742			
65181						-10.346732	0.024023	-3.218593	0.626487	0.434543	0.996174	2.110977	1.244622	-0.050535	0.396424	0.571165	0.551117	-0.461400	-167.899450	74.584086	97.183132	-0.033239	0.263738	-0.964022	0.995376	-0.078237	-0.055724	-0.090119	-0.961416	-0.259918			
65182						-10.179683	0.130600	-3.144012	0.781168	0.259954	0.810315	2.220079	1.194615	-0.004369	0.386744	0.578279	0.548348	-0.464044	-167.151695	73.911394	96.640351	-0.032046	0.275265	-0.960834	0.993129	-0.099486	-0.061624	-0.112553	-0.956207	-0.270185			
65183						-9.953571	0.442656	-3.070093	1.131980	0.081989	0.550958	2.334203	1.136072	0.034596	0.376799	0.585556	0.545014	-0.467019	-166.382125	73.266167	96.039672	-0.030295	0.286328	-0.957653	0.990217	-0.121964	-0.067791	-0.136210	-0.950337	-0.279832			
65184						-9.735123	0.776925	-3.033355	1.501370	-0.067270	0.302505	2.392673	1.081009	0.072837	0.366980	0.592752	0.541219	-0.470163	-165.640751	72.671447	95.383206	-0.027943	0.296537	-0.954612	0.986698	-0.144815	-0.073867	-0.160147	-0.943978	-0.288546			
65185						-9.622862	0.852036	-3.249058	1.654417	0.021853	0.244280	2.421580	1.015702	0.116814	0.357179	0.599917	0.537038	-0.473406	-164.920728	72.109623	94.676609	-0.025046	0.306174	-0.951646	0.982537	-0.168027	-0.079919	-0.184372	-0.937030	-0.296619			
65186						-9.445978	0.979612	-3.141485	1.799481	-0.177056	0.025202	2.524265	0.949192	0.152357	0.347381	0.607042	0.532267	-0.476988	-164.181758	71.604918	93.934213	-0.021651	0.314824	-0.948903	0.977611	-0.192036	-0.086019	-0.209304	-0.929520	-0.303617			
65187						-9.348988	1.152711	-2.826882	1.936495	-0.600483	-0.189193	2.574856	0.868252	0.190522	0.337537	0.614135	0.527005	-0.480805	-163.428326	71.142445	93.159496	-0.017814	0.322725	-0.946325	0.971883	-0.216669	-0.092186	-0.234790	-0.921359	-0.309791			
65188						-9.076032	1.227014	-2.790879	2.022008	-0.680528	-0.479085	2.578469	0.784606	0.228426	0.328066	0.620935	0.521395	-0.484726	-162.700961	70.746807	92.367965	-0.013624	0.329462	-0.944071	0.965549	-0.241040	-0.098052	-0.259863	-0.912883	-0.314828			
65189						-8.840593	1.376013	-2.760187	2.176853	-0.780826	-0.739720	2.602740	0.695533	0.269632	0.318667	0.627625	0.515348	-0.488830	-161.970346	70.399144	91.550647	-0.009078	0.335343	-0.942052	0.958438	-0.265735	-0.103830	-0.285155	-0.903842	-0.318993			
65190						-8.705282	1.552394	-2.463072	2.273724	-1.155492	-0.994936	2.603238	0.595094	0.305756	0.309678	0.633976	0.508942	-0.493105	-161.250391	70.127199	90.732832	-0.004348	0.339905	-0.940450	0.950721	-0.290156	-0.109266	-0.310017	-0.894580	-0.321894			
65191						-8.714490	1.286875	-2.451087	2.024348	-1.185583	-0.975151	2.566990	0.476452	0.361813	0.301064	0.640085	0.502150	-0.497491	-160.566125	69.922913	89.883788	0.000696	0.343283	-0.939232	0.942390	-0.314412	-0.114217	-0.334515	-0.885043	-0.323726			
65192						-8.824229	1.045707	-2.373169	1.774876	-1.289746	-0.880808	2.609629	0.355561	0.418008	0.292829	0.645909	0.494824	-0.502197	-159.882193	69.808632	89.021633	0.005894	0.345106	-0.938545	0.933338	-0.338800	-0.118717	-0.358949	-0.875281	-0.324098			
65193						-8.842181	0.790293	-2.281790	1.505742	-1.345943	-0.871977	2.673212	0.209026	0.480332	0.284721	0.651579	0.486790	-0.507360	-159.167949	69.779418	88.135797	0.011244	0.345452	-0.938369	0.923276	-0.363939	-0.122918	-0.383972	-0.864992	-0.323040			
65194						-8.910284	0.217762	-2.615147	1.114399	-0.905028	-0.635621	2.820550	0.052570	0.546417	0.276758	0.657010	0.477891	-0.513189	-158.384403	69.861127	87.250754	0.016514	0.343900	-0.938861	0.912017	-0.390049	-0.126831	-0.409819	-0.854163	-0.320085			
65195						-8.905362	-0.172313	-2.784903	0.855358	-0.618874	-0.540358	3.170229	-0.087894	0.609675	0.267944	0.662647	0.467529	-0.520117	-157.406329	70.026619	86.342495	0.021790	0.340888	-0.939851	0.898338	-0.419245	-0.131234	-0.438765	-0.841444	-0.315368			
65196						-8.733240	0.029367	-2.703780	1.044005	-0.714551	-0.758402	3.596446	-0.211533	0.661492	0.258197	0.668370	0.455635	-0.528217	-156.187860	70.283872	85.449078	0.026768	0.336297	-0.941376	0.881833	-0.451463	-0.136206	-0.470801	-0.826490	-0.308642			
65197						-8.635486	0.539278	-2.632981	1.504496	-0.980429	-0.948709	3.944057	-0.309790	0.693482	0.247364	0.674190	0.442362	-0.537210	-154.742340	70.598212	84.568801	0.031442	0.330699	-0.943212	0.862245	-0.486254	-0.141742	-0.505515	-0.808823	-0.300433			
65198						-8.863074	1.054163	-2.570331	1.946659	-1.379787	-0.836136	4.194713	-0.383834	0.698028	0.235892	0.679758	0.428178	-0.546761	-153.102168	70.968212	83.762413	0.035430	0.324162	-0.945338	0.840068	-0.522037	-0.147525	-0.541323	-0.788921	-0.290814			
65199						-9.138469	1.693949	-2.370800	2.389339	-2.001601	-0.741513	4.367962	-0.457118	0.705179	0.223750	0.685106	0.413131	-0.556676	-151.295730	71.376996	83.008734	0.038869	0.316965	-0.947640	0.815190	-0.558517	-0.153375	-0.577888	-0.766545	-0.280096			
65200						-9.205502	1.874231	-2.249231	2.471380	-2.263077	-0.752686	4.392340	-0.505085	0.745852	0.211769	0.690004	0.397693	-0.566470	-149.477330	71.836587	82.274761	0.041903	0.308899	-0.950171	0.788741	-0.593988	-0.158320	-0.613295	-0.742805	-0.268532			
65201						-9.275204	1.323527	-2.464357	2.178418	-1.836621	-0.553347	4.488539	-0.555901	0.780996	0.199399	0.694659	0.381514	-0.576313	-147.580938	72.331540	81.545743	0.044622	0.300211	-0.952829	0.759876	-0.629375	-0.162713	-0.648534	-0.716771	-0.256207			
65202						-9.312309	0.741223	-2.786439	1.981908	-1.275166	-0.353383	4.778468	-0.571235	0.827718	0.186221	0.699171	0.364197	-0.586381	-145.542513	72.863020	80.814571	0.047036	0.290879	-0.955603	0.727665	-0.665364	-0.166715	-0.684318	-0.687517	-0.242958			
65203						-9.070494	0.930272	-2.898406	2.258515	-1.288272	-0.605131	5.150729	-0.545216	0.886613	0.171607	0.703836	0.345289	-0.596608	-143.367293	73.402833	79.986031	0.049670	0.281289	-0.958337	0.690818	-0.702653	-0.170437	-0.721320	-0.653571	-0.229220			
65204						-8.845442	1.382186	-3.106443	2.773198	-1.470448	-0.871283	5.503659	-0.480599	0.956659	0.155861	0.708523	0.324968	-0.606711	-141.131873	73.953412	79.031327	0.052595	0.271369	-0.961037	0.649619	-0.740207	-0.173461	-0.758438	-0.615185	-0.215218			
65205						-9.021992	2.169612	-2.823068	3.063590	-2.373727	-0.921565	5.683614	-0.406718	0.995053	0.139187	0.713141	0.303641	-0.616327	-138.907526	74.489567	77.936955	0.055886	0.261509	-0.963582	0.604648	-0.776858	-0.175765	-0.794530	-0.572805	-0.201536			
65206						-9.132023	2.922528	-2.547457	3.241684	-3.260475	-1.021581	5.655758	-0.337027	0.994794	0.122548	0.717277	0.282315	-0.625134	-136.756417	75.012886	76.809566	0.059010	0.251779	-0.965984	0.558215	-0.810560	-0.177168	-0.827595	-0.528772	-0.188378			
65207						-9.041200	3.501879	-2.125784	3.115213	-4.051842	-1.303814	5.470894	-0.257466	0.957229	0.106083	0.720997	0.261395	-0.632915	-134.744094	75.493600	75.626559	0.062181	0.242647	-0.968120	0.511213	-0.840838	-0.177911	-0.857202	-0.483852	-0.176329			
65208						-9.061482	4.117156	-1.866055	3.058609	-4.814284	-1.445619	5.120198	-0.159917	0.886453	0.090612	0.724147	0.241831	-0.639468	-132.948982	75.921225	74.453398	0.065198	0.234356	-0.969962	0.466130	-0.866614	-0.178054	-0.882311	-0.440519	-0.165742			
65209						-9.175332	4.940679	-1.470071	2.896129	-5.836215	-1.548015	4.648071	-0.045224	0.807796	0.076257	0.726974	0.223834	-0.644664	-131.491059	76.275123	73.190760	0.068612	0.227123	-0.971446	0.423764	-0.888166	-0.177722	-0.903170	-0.399470	-0.157185			
65210						-9.317352	5.945148	-0.582247	2.286139	-7.195632	-1.720211	3.925580	0.075180	0.718333	0.064214	0.729397	0.208560	-0.648351	-130.512044	76.555556	71.885767	0.072288	0.220979	-0.972596	0.387513	-0.904759	-0.176764	-0.919026	-0.364115	-0.151035			
65211						-9.418159	6.120933	-0.169248	1.740174	-7.573205	-1.700294	2.966932	0.169925	0.627878	0.055118	0.731559	0.196542	-0.650503	-130.138780	76.762488	70.501054	0.076434	0.215855	-0.973429	0.359273	-0.916667	-0.175058	-0.930097	-0.336346	-0.147615			
65212						-9.401703	6.011480	0.080658	1.288384	-7.570529	-1.715680	2.059879	0.220156	0.532664	0.049107	0.733350	0.187947	-0.651507	-130.231636	76.912404	69.195356	0.080428	0.211676	-0.974025	0.339649	-0.924529	-0.172874	-0.937107	-0.316923	-0.146253			
65213						-9.419330	5.856749	0.255409	0.936493	-7.485521	-1.677609	1.228264	0.227312	0.461525	0.045802	0.734888	0.182176	-0.651655	-130.733960	77.026600	67.940256	0.084316	0.208064	-0.974474	0.327451	-0.929428	-0.170113	-0.941099	-0.304749	-0.146496			
65214						-9.498242	6.031054	0.552190	0.622997	-7.739959	-1.651828	0.476340	0.218630	0.425639	0.045249	0.736118	0.179112	-0.651154	-131.590652	77.125838	66.783005	0.087835	0.204767	-0.974862	0.322624	-0.931743	-0.166641	-0.942443	-0.299877	-0.147903			
65215						-9.587465	6.539098	0.144365	1.120095	-8.084054	-1.560815	-0.250879	0.193129	0.408287	0.047268	0.737125	0.178342	-0.650082	-132.824922	77.224281	65.650076	0.091176	0.201464	-0.975243	0.324377	-0.931920	-0.162188	-0.941523	-0.301559	-0.150319			
65216						-9.002970	5.952840	-1.725092	2.748830	-6.804861	-1.713132	-1.321163	0.238140	0.482115	0.053502	0.738023	0.180915	-0.647865	-134.884137	77.326848	64.316763	0.095082	0.197714	-0.975637	0.336363	-0.928815	-0.155445	-0.936920	-0.313388	-0.154817			
65217						-11.466619	-0.605915	-0.574978	-0.783676	-1.488679	1.560533	-1.448516	0.170114	0.649480	0.060771	0.738817	0.183134	-0.645693	-137.263968	77.515689	62.718222	0.099086	0.192126	-0.976355	0.349083	-0.925538	-0.146699	-0.931839	-0.326293	-0.158776			
65218						-12.381572	-3.339923	0.633362	-3.003308	0.551952	2.658647	-0.810203	-0.140172	0.831626	0.066587	0.738892	0.182636	-0.645174	-139.130927	77.890814	61.284260	0.100790	0.183976	-0.977750	0.355816	-0.924421	-0.137263	-0.929105	-0.334064	-0.158634			
65219						-9.883864	-11.576046	-3.770656	-1.594821	10.202213	1.989129	0.293016	-0.172840	0.964874	0.068734	0.739369	0.177930	-0.645717	-140.715768	78.323378	59.479657	0.102781	0.174347	-0.979305	0.351878	-0.927233	-0.128145	-0.930386	-0.331425	-0.156651			
65220						-8.415756	-4.586596	-2.279125	-0.324291	3.573666	-0.637766	1.597166	-0.097664	0.839734	0.065636	0.740344	0.169633	-0.647153	-141.487063	78.666523	57.760383	0.104835	0.166221	-0.980500	0.336126	-0.933833	-0.122371	-0.935964	-0.316743	-0.153770			
65221						-9.406530	-4.163204	-2.495679	-0.016326	3.131069	0.298651	1.613184	-0.036316	0.497277	0.061265	0.741211	0.162454	-0.648430	-141.663354	78.858323	56.627861	0.106294	0.161374	-0.981152	0.320278	-0.939710	-0.119860	-0.941341	-0.301501	-0.151570			
65222						-11.870894	-7.105379	-1.743102	-1.856261	5.304797	2.948805	1.515979	0.180235	0.288948	0.056447	0.742497	0.156523	-0.648855	-141.800158	78.877186	55.604881	0.108976	0.159184	-0.981216	0.305687	-0.944629	-0.119298	-0.945875	-0.286944	-0.151602			
65223						-13.245046	-2.246896	0.686858	-2.781029	-0.156509	3.347584	1.589065	0.166812	0.280441	0.051264	0.743744	0.150255	-0.649338	-141.872619	78.898690	54.589653	0.111566	0.156928	-0.981288	0.290078	-0.949591	-0.118879	-0.950478	-0.271387	-0.151463			
65224						-11.457548	1.249867	0.832611	-1.728089	-3.188803	1.158900	0.780215	0.151904	0.420637	0.049625	0.744770	0.146199	-0.649215	-142.692763	78.974661	53.300174	0.114291	0.153334	-0.981543	0.282204	-0.952326	-0.115910	-0.952522	-0.263748	-0.152114			
65225						-9.545830	4.731839	1.242800	-0.961403	-6.269604	-1.162543	-0.207515	0.295436	0.738385	0.052535	0.746265	0.144097	-0.647739	-145.126886	79.084935	50.930975	0.119341	0.147012	-0.981909	0.283127	-0.952952	-0.108265	-0.951628	-0.265085	-0.155350			
65226						-10.024122	5.151687	0.978554	-0.657989	-6.600211	-0.648421	-1.809694	0.396986	0.979334	0.062182	0.747764	0.146404	-0.644630	-149.283840	79.194772	47.755724	0.126035	0.138782	-0.982270	0.299120	-0.949399	-0.095757	-0.945855	-0.281748	-0.161170			
65227						-12.136496	1.021434	-0.478817	-0.799055	-2.461030	2.098258	-2.674457	0.344765	0.937407	0.074925	0.748700	0.151517	-0.640997	-153.836185	79.275646	44.673066	0.132330	0.130828	-0.982534	0.322935	-0.942858	-0.082052	-0.937124	-0.306436	-0.167018			
65228						-13.198453	-2.692599	-1.026173	-1.721530	1.176339	3.534689	-2.454562	0.244747	0.840711	0.086628	0.749162	0.156319	-0.637821	-157.891401	79.341282	41.979124	0.137496	0.123711	-0.982746	0.344723	-0.936120	-0.069612	-0.928580	-0.329204	-0.171359			
65229						-11.039232	-4.875830	-2.781236	-0.682003	4.167044	1.829551	-1.519253	0.201510	0.886730	0.094967	0.749853	0.157829	-0.635446	-161.554990	79.407432	39.128620	0.142598	0.116004	-0.982959	0.357390	-0.932143	-0.058161	-0.923005	-0.343006	-0.174380			
65230						-8.713714	-3.652493	-3.079355	0.265569	3.485672	-0.510497	-0.160840	0.311238	0.925702	0.098276	0.751511	0.155020	-0.633673	-164.649828	79.387258	36.075487	0.148854	0.108449	-0.982894	0.357548	-0.932621	-0.048753	-0.921956	-0.344175	-0.177600			
65231						-8.396022	0.311073	-1.673645	0.375856	-0.601353	-1.275257	0.897390	0.390420	0.929204	0.097518	0.753935	0.148787	-0.632404	-167.201542	79.296594	32.947252	0.155855	0.101010	-0.982602	0.347694	-0.936705	-0.041142	-0.924564	-0.335232	-0.181111			
65232						-8.811456	2.485713	-0.757594	0.149344	-2.938313	-1.109950	0.937005	0.382093	0.974200	0.096792	0.756330	0.142339	-0.631139	-169.786229	79.189463	29.771571	0.162806	0.093133	-0.982253	0.337489	-0.940742	-0.033259	-0.927144	-0.326085	-0.184590			
65233						-9.032783	2.551822	-1.213389	0.475338	-2.817260	-0.789852	0.619906	0.384570	0.975144	0.097217	0.758567	0.136773	-0.629617	-172.514188	79.054227	26.621316	0.169750	0.085084	-0.981807	0.329922	-0.943684	-0.024738	-0.928621	-0.319721	-0.188262			
65234						-9.138599	1.825117	-1.589980	0.492552	-1.963333	-0.578235	0.370545	0.404067	0.901038	0.098383	0.760648	0.132388	-0.627860	-175.072402	78.875760	23.800306	0.176529	0.077860	-0.981211	0.324943	-0.945588	-0.016573	-0.929112	-0.315913	-0.192224			
65235						-9.008131	1.455648	-1.219478	-0.017510	-1.664389	-0.758332	0.127688	0.440915	0.830853	0.100191	0.762678	0.128939	-0.625827	-177.506763	78.650650	21.234105	0.183430	0.071274	-0.980446	0.322081	-0.946673	-0.008561	-0.928772	-0.314213	-0.196604			
65236						-9.126163	1.608018	-1.387915	0.101137	-1.706824	-0.599937	-0.279186	0.464917	0.801233	0.103474	0.764523	0.126993	-0.623434	-179.963863	78.390220	18.891778	0.190404	0.065159	-0.979541	0.323197	-0.946332	-0.000127	-0.926979	-0.316561	-0.201245			
65237						-9.312088	1.366603	-2.194870	0.671378	-1.169236	-0.242869	-0.677916	0.453967	0.775395	0.108187	0.766104	0.126286	-0.620832	177.506121	78.116543	16.697304	0.197239	0.059164	-0.978568	0.327828	-0.944695	0.008960	-0.923919	-0.322570	-0.205727			
65238						-9.490858	0.111473	-2.791507	0.707870	0.273127	0.051626	-0.914703	0.429668	0.765515	0.113806	0.767433	0.126428	-0.618151	174.996464	77.837881	14.668906	0.203812	0.053351	-0.977555	0.334749	-0.942128	0.018375	-0.920002	-0.330980	-0.209876			
65239						-9.591544	-0.888587	-3.265326	0.713191	1.447006	0.229532	-0.834147	0.396003	0.774151	0.119144	0.768694	0.126171	-0.615626	172.579289	77.559651	12.677409	0.210171	0.047277	-0.976521	0.340670	-0.939771	0.027823	-0.916391	-0.338519	-0.213619			
65240						-9.855489	-1.269228	-3.501907	0.670303	1.948449	0.519706	-0.390608	0.371891	0.795974	0.122873	0.770121	0.124539	-0.613437	170.470827	77.277304	10.748082	0.216369	0.041071	-0.975447	0.342570	-0.938785	0.036459	-0.914238	-0.342048	-0.217194			
65241						-10.041148	-1.230499	-3.251572	0.350094	1.888220	0.638290	0.118325	0.333515	0.843920	0.124786	0.771772	0.121039	-0.611675	168.583644	76.996107	8.735156	0.222407	0.034173	-0.974355	0.339487	-0.939556	0.044539	-0.913939	-0.340686	-0.220565			
65242						-9.980813	-0.877896	-3.192246	0.376823	1.598593	0.573835	0.632985	0.304123	0.873888	0.124843	0.773636	0.115924	-0.610298	167.005434	76.715530	6.743757	0.228196	0.026984	-0.973241	0.331750	-0.941951	0.051669	-0.915352	-0.334663	-0.223901			
65243						-10.096409	-0.032575	-3.116603	0.514457	0.822963	0.709170	0.958917	0.290385	0.842120	0.123526	0.775628	0.109842	-0.609161	165.734961	76.434243	4.866454	0.233716	0.019899	-0.972101	0.320888	-0.945352	0.057798	-0.917828	-0.325443	-0.227329			
65244						-10.299773	1.031809	-2.927028	0.582105	-0.208700	0.926710	1.040985	0.272199	0.818611	0.121843	0.777554	0.103667	-0.608126	164.633293	76.159129	3.120295	0.238871	0.013022	-0.970964	0.309406	-0.948814	0.063394	-0.920439	-0.315566	-0.230674			
65245						-10.352705	1.943623	-3.076188	0.928764	-0.988227	1.076733	0.926664	0.231463	0.806547	0.120551	0.779264	0.097756	-0.607173	163.506353	75.898435	1.402917	0.243568	0.005965	-0.969865	0.298747	-0.951822	0.069172	-0.922727	-0.306592	-0.233616			
65246						-10.088859	2.122966	-3.156240	1.063310	-1.089927	0.861343	0.687280	0.166535	0.799415	0.120231	0.780585	0.092659	-0.606339	162.281628	75.668120	-0.265023	0.247535	-0.001145	-0.968878	0.290458	-0.953918	0.075335	-0.924316	-0.300066	-0.235796			
65247						-9.671847	1.698827	-3.138782	0.980694	-0.640905	0.429857	0.485625	0.106297	0.783639	0.120663	0.781588	0.088121	-0.605636	160.962783	75.462104	-1.919121	0.250880	-0.008406	-0.967982	0.283904	-0.955350	0.081878	-0.925450	-0.295356	-0.237291			
65248						-9.531050	1.231224	-3.067777	0.782631	-0.163386	0.243583	0.421857	0.061426	0.755405	0.121288	0.782376	0.083933	-0.605089	159.687960	75.278870	-3.484761	0.253645	-0.015446	-0.967174	0.278114	-0.956489	0.088212	-0.926454	-0.291359	-0.238313			
65249						-9.569919	1.523515	-2.863217	0.635398	-0.448124	0.261915	0.399771	0.019661	0.720385	0.121895	0.783009	0.079842	-0.604702	158.458329	75.113861	-4.998902	0.255922	-0.022385	-0.966438	0.272455	-0.957534	0.094328	-0.927509	-0.287451	-0.238955			
65250						-9.417580	1.656216	-2.928660	0.746823	-0.506497	0.147049	0.358715	-0.027497	0.711692	0.122667	0.783443	0.075959	-0.604483	157.228084	74.970316	-6.483329	0.257661	-0.029281	-0.965792	0.267319	-0.958366	0.100373	-0.928521	-0.284037	-0.239106			
65251						-9.402461	2.024262	-2.736738	0.649127	-0.858615	0.128880	0.272189	-0.048730	0.701232	0.123730	0.783760	0.072270	-0.604308	155.961977	74.828891	-7.963508	0.259179	-0.036257	-0.965149	0.262828	-0.958936	0.106603	-0.929380	-0.281297	-0.239006			
65252						-9.694277	2.015577	-2.999562	0.797629	-0.707929	0.478146	0.196614	-0.085351	0.680556	0.125061	0.783886	0.068961	-0.604257	154.699105	74.706261	-9.387414	0.260235	-0.043023	-0.964586	0.259253	-0.959208	0.112727	-0.930089	-0.279408	-0.238466			
65253						-9.947447	1.636623	-3.040533	0.658792	-0.261738	0.693133	0.207964	-0.127568	0.660040	0.126272	0.783891	0.065567	-0.604377	153.448717	74.598831	-10.816018	0.260858	-0.049837	-0.964090	0.255426	-0.959513	0.118712	-0.930973	-0.277221	-0.237567			
65254						-9.891224	1.497956	-2.954277	0.550728	-0.097559	0.603399	0.306235	-0.165218	0.640707	0.127076	0.783810	0.062031	-0.604686	152.286805	74.511383	-12.201795	0.261014	-0.056442	-0.963684	0.250923	-0.960008	0.124189	-0.932153	-0.274225	-0.236413			
65255						-9.605329	1.804832	-2.888064	0.635729	-0.374252	0.351774	0.423706	-0.188353	0.604713	0.127293	0.783729	0.058165	-0.605130	151.234790	74.434440	-13.553528	0.260868	-0.062887	-0.963324	0.245228	-0.960827	0.129131	-0.933708	-0.269920	-0.235227			
65256						-9.366344	2.551060	-2.647092	0.650842	-1.127362	0.164723	0.465465	-0.195787	0.555526	0.127221	0.783609	0.054459	-0.605645	150.312022	74.372685	-14.786762	0.260458	-0.068752	-0.963034	0.239451	-0.961698	0.133417	-0.935321	-0.265349	-0.234019			
65257						-9.276394	3.097588	-2.600751	0.754870	-1.630896	0.146262	0.420538	-0.218953	0.524962	0.127215	0.783388	0.050894	-0.606242	149.388110	74.321724	-16.004365	0.259761	-0.074507	-0.962794	0.233985	-0.962452	0.137609	-0.936897	-0.261025	-0.232574			
65258						-9.183673	2.860219	-2.661716	0.778009	-1.354936	0.044501	0.352089	-0.241032	0.486978	0.127388	0.783022	0.047770	-0.606932	148.487856	74.291857	-17.147323	0.258703	-0.079821	-0.962653	0.229442	-0.962980	0.141509	-0.938312	-0.257482	-0.230811			
65259						-9.135032	2.336246	-2.640584	0.653124	-0.822303	-0.077356	0.347409	-0.262755	0.451732	0.127459	0.782586	0.044686	-0.607714	147.611675	74.273949	-18.271566	0.257373	-0.084976	-0.962569	0.224859	-0.963515	0.145183	-0.939786	-0.253809	-0.228875			
65260						-9.251698	1.814010	-2.659972	0.532009	-0.271012	-0.034987	0.422628	-0.278856	0.418041	0.127153	0.782118	0.041593	-0.608600	146.834167	74.274452	-19.329177	0.255752	-0.089709	-0.962571	0.219833	-0.964204	0.148271	-0.941416	-0.249525	-0.226876			
65261						-9.333516	1.686549	-2.706881	0.537575	-0.099892	0.035518	0.520126	-0.284886	0.386313	0.126356	0.781692	0.038229	-0.609532	146.145687	74.279457	-20.360575	0.254017	-0.094269	-0.962595	0.213803	-0.965145	0.150939	-0.943273	-0.244147	-0.225009			
65262						-9.384220	1.811164	-2.509362	0.376022	-0.239388	0.058587	0.576804	-0.281520	0.362639	0.125276	0.781284	0.034881	-0.610480	145.546285	74.292161	-21.324874	0.252196	-0.098453	-0.962655	0.207460	-0.966179	0.153164	-0.945176	-0.238340	-0.223241			
